1,254
1,494
3,252
3,444
3,476
3,492
4,443
4,491
5,250
5,378
5,442
5,474
5,490
5,498
6,249
6,441
6,489
6,497
9,246
9,374
9,486
9,498
10,245
10,437
10,485
10,497
11,244
11,372
11,436
11,468
11,484
11,496
12,243
12,371
12,435
12,483
12,497
12,498
13,242
13,370
13,434
13,466
13,482
13,496
14,241
14,369
14,433
14,465
14,481
14,496
15,240
15,368
15,432
16,239
16,431
16,491
16,494
17,238
17,366
17,430
17,462
17,486
17,490
17,492
18,237
18,429
18,461
18,485
18,489
18,492
19,236
19,364
19,428
19,460
19,484
19,488
20,235
20,363
20,427
20,459
20,483
20,489
20,490
21,234
21,362
21,426
21,458
21,482
21,488
22,233
22,361
22,425
22,457
22,481
22,488
23,232
23,360
23,424
24,231
24,359
24,423
24,483
24,485
24,486
25,230
25,358
25,422
25,454
25,482
25,484
26,229
26,357
26,421
26,453
26,481
26,484
27,228
27,356
27,420
27,452
27,480
28,227
28,355
28,419
28,451
28,481
28,482
29,226
29,354
29,418
29,450
29,480
30,225
30,353
30,417
30,449
30,480
31,224
31,352
31,416
33,222
33,350
33,414
33,462
33,474
33,476
34,221
34,413
34,461
34,476
35,220
35,348
35,412
35,460
35,468
35,472
36,347
36,411
36,459
36,474
37,218
37,346
37,410
37,458
37,466
37,472
38,217
38,345
38,409
38,457
38,465
38,472
39,216
39,344
39,408
41,214
41,342
41,406
41,454
41,466
41,468
42,213
42,341
42,405
42,453
42,465
42,468
43,212
43,340
43,404
43,452
43,464
44,211
44,339
44,403
44,451
44,465
44,466
45,210
45,338
45,402
45,450
45,464
46,209
46,337
46,401
46,449
46,464
47,208
47,336
47,400
48,207
48,335
48,399
48,459
48,461
48,462
49,206
49,334
49,398
49,454
49,458
49,460
50,205
50,333
50,397
50,453
50,457
50,460
51,204
51,332
51,396
51,452
51,456
52,203
52,331
52,395
52,451
52,457
52,458
53,202
53,330
53,394
53,450
53,456
54,201
54,329
54,393
54,449
54,456
55,200
55,328
55,392
57,198
57,326
57,390
58,197
58,325
58,389
59,196
59,324
59,388
60,195
60,323
60,387
61,194
61,322
61,386
62,193
62,321
62,385
64,431
64,443
65,190
65,318
65,414
65,430
65,442
65,444
66,189
66,413
66,429
66,437
66,441
66,444
67,188
67,316
67,412
67,428
67,436
67,440
68,187
68,315
68,411
68,427
68,435
68,441
68,442
69,186
69,314
69,410
69,426
69,434
69,440
70,185
70,313
70,409
70,425
70,433
70,440
71,408
71,424
71,432
72,183
72,423
72,435
72,437
74,181
74,309
74,405
74,421
74,433
74,436
75,180
75,404
75,432
76,179
76,307
76,403
76,419
76,433
76,434
77,306
77,418
77,432
78,177
78,305
78,401
78,417
78,432
79,176
79,304
79,400
79,416
80,175
80,303
80,399
80,423
80,427
80,429
80,430
81,174
81,302
81,398
81,422
81,426
81,428
82,173
82,301
82,397
82,421
82,425
82,428
83,172
83,300
83,396
83,420
83,424
84,171
84,299
84,395
84,419
84,425
84,426
85,170
85,298
85,394
85,418
85,424
86,169
86,297
86,393
86,417
86,424
87,168
87,296
87,392
87,416
88,167
88,295
88,391
88,419
88,421
88,422
89,166
89,390
89,418
90,165
90,293
90,389
90,417
90,420
91,164
91,388
91,416
92,163
92,291
92,387
92,417
92,418
93,162
93,290
93,386
93,416
94,161
94,289
94,385
94,416
96,159
96,287
96,399
96,411
96,413
96,414
97,158
97,286
97,398
97,406
97,410
97,412
98,157
98,285
98,397
98,405
98,409
98,412
99,156
99,284
99,396
99,404
99,408
100,155
100,283
100,395
100,403
100,409
100,410
101,154
101,282
101,394
101,402
101,408
102,153
102,281
102,393
102,401
102,408
103,152
103,280
103,392
103,400
104,151
104,279
104,391
104,403
104,405
104,406
105,278
105,390
105,404
106,149
106,277
106,389
106,401
106,404
107,148
107,276
107,388
107,400
108,147
108,275
108,387
108,401
108,402
109,274
109,386
109,400
110,145
110,273
110,385
110,400
111,144
111,272
111,384
112,143
112,271
112,391
112,395
112,397
112,398
113,142
113,270
113,390
113,394
113,396
114,141
114,269
114,389
114,393
114,396
115,140
115,268
115,388
115,392
116,139
116,267
116,387
116,393
116,394
117,138
117,266
117,386
117,392
118,137
118,265
118,385
118,392
119,136
119,264
119,384
120,387
120,389
120,390
121,134
121,262
121,386
121,388
122,133
122,261
122,385
122,388
123,132
123,260
123,384
124,131
124,259
124,385
124,386
126,129
126,257
126,384
129,126
129,318
129,350
129,366
129,374
129,378
131,124
131,316
131,348
131,364
131,372
131,376
132,123
132,315
132,347
132,363
132,371
132,378
133,122
133,314
133,346
133,362
133,370
133,376
134,121
134,313
134,345
134,361
134,369
134,376
135,344
135,360
135,368
136,119
136,359
136,371
136,374
137,118
137,310
137,342
137,358
137,370
137,372
138,117
138,309
138,341
138,357
138,369
138,372
139,116
139,308
139,340
139,356
139,368
140,115
140,307
140,339
140,355
140,369
140,370
141,114
141,306
141,338
141,354
141,368
142,113
142,305
142,337
142,353
142,368
143,112
143,304
143,336
143,352
144,111
144,303
144,335
144,359
144,363
144,366
145,110
145,302
145,334
145,358
145,362
145,364
147,108
147,332
147,360
148,107
148,299
148,331
148,355
148,361
148,362
149,106
149,298
149,330
149,354
149,360
150,297
150,353
150,360
151,104
151,296
151,328
151,352
152,103
152,295
152,327
152,355
152,357
152,358
153,102
153,294
153,326
153,354
153,356
154,101
154,325
154,353
155,100
155,324
155,352
156,99
156,291
156,323
156,353
156,354
157,98
157,290
157,322
157,352
158,97
158,289
158,321
158,352
159,96
159,288
159,320
160,287
160,335
160,347
160,350
161,94
161,286
161,334
161,342
161,346
161,348
162,93
162,285
162,333
162,341
162,345
162,348
163,92
163,284
163,332
163,340
163,344
164,91
164,283
164,331
164,339
164,345
164,346
165,90
165,282
165,330
165,338
165,344
166,89
166,281
166,329
166,337
166,344
167,88
167,280
167,328
167,336
168,87
168,279
168,327
168,339
168,341
168,342
169,86
169,278
169,326
169,338
169,340
170,85
170,277
170,325
170,337
170,340
171,84
171,276
171,324
171,336
172,83
172,275
172,323
172,337
172,338
173,82
173,274
173,322
173,336
174,81
174,273
174,321
174,336
175,80
175,272
175,320
176,79
176,271
176,327
176,331
176,333
176,334
177,78
177,270
177,326
177,330
177,332
178,269
178,325
178,332
179,76
179,268
179,324
179,328
180,75
180,267
180,323
180,329
180,330
181,74
181,266
181,322
181,328
182,265
182,321
182,328
183,72
183,264
183,320
184,323
184,325
184,326
185,70
185,262
185,322
185,324
186,69
186,261
186,321
186,324
187,68
187,260
187,320
188,67
188,259
188,321
188,322
189,66
189,258
189,320
190,65
190,257
190,320
192,287
192,303
192,315
192,318
193,62
193,286
193,302
193,310
193,314
193,316
194,61
194,285
194,301
194,309
194,313
194,316
195,60
195,284
195,300
195,308
195,312
196,59
196,283
196,299
196,307
196,313
196,314
197,58
197,282
197,298
197,306
197,312
198,57
198,281
198,297
198,305
198,312
199,280
199,296
199,304
200,55
200,279
200,295
200,307
200,309
200,310
201,54
201,278
201,306
202,53
202,277
202,293
202,305
202,308
203,52
203,276
203,304
204,51
204,275
204,291
204,305
204,306
205,50
205,274
205,290
205,304
206,49
206,273
206,289
206,304
207,48
207,272
207,288
208,47
208,271
208,295
208,299
208,301
208,302
209,46
209,270
209,294
209,298
209,300
210,45
210,269
210,297
211,44
211,268
211,296
212,43
212,267
212,291
212,297
212,298
213,42
213,266
213,290
213,296
214,41
214,265
214,289
214,296
216,39
216,263
216,291
216,293
216,294
217,38
217,262
217,290
218,37
218,261
218,289
220,35
220,259
220,289
220,290
221,34
221,258
221,288
222,33
222,257
222,288
224,31
224,271
224,279
224,283
224,285
224,286
225,30
225,270
225,278
225,282
225,284
226,29
226,269
226,277
226,281
226,284
227,28
227,268
227,276
227,280
228,27
228,267
228,275
228,281
228,282
229,26
229,266
229,274
229,280
230,25
230,265
230,273
230,280
231,24
231,264
231,272
232,23
232,263
232,275
232,277
232,278
233,22
233,262
233,274
233,276
234,21
234,261
234,273
234,276
235,20
235,260
235,272
236,19
236,259
236,273
236,274
237,18
237,258
237,272
238,17
238,257
238,272
239,16
239,256
240,15
240,263
240,267
240,269
240,270
241,14
241,262
241,266
241,268
242,13
242,261
242,265
242,268
243,12
243,260
243,264
244,11
244,259
244,265
244,266
245,10
245,258
245,264
246,9
246,257
246,264
248,259
248,261
248,262
249,6
249,258
249,260
250,5
250,257
250,260
252,3
252,257
252,258
254,1
254,256
256,239
256,254
257,126
257,190
257,222
257,238
257,246
257,250
257,252
258,189
258,221
258,237
258,245
258,249
258,252
259,124
259,188
259,220
259,236
259,244
259,248
260,123
260,187
260,235
260,243
260,249
260,250
261,122
261,186
261,218
261,234
261,242
261,248
262,121
262,185
262,217
262,233
262,241
262,248
263,216
263,232
263,240
264,119
264,183
264,231
264,243
264,245
264,246
265,118
265,182
265,214
265,230
265,242
265,244
266,117
266,181
266,213
266,229
266,241
266,244
267,116
267,180
267,212
267,228
267,240
268,115
268,179
268,211
268,227
268,241
268,242
269,114
269,178
269,210
269,226
269,240
270,113
270,177
270,209
270,225
270,240
271,112
271,176
271,208
271,224
272,111
272,175
272,207
272,231
272,235
272,237
272,238
273,110
273,174
273,206
273,230
273,234
273,236
274,109
274,173
274,205
274,229
274,233
274,236
275,108
275,172
275,204
275,228
275,232
276,107
276,171
276,203
276,227
276,233
276,234
277,106
277,170
277,202
277,226
277,232
278,105
278,169
278,201
278,225
278,232
279,104
279,168
279,200
279,224
280,103
280,167
280,199
280,227
280,229
280,230
281,102
281,166
281,198
281,226
281,228
282,101
282,165
282,197
282,225
282,228
283,100
283,164
283,196
283,224
284,99
284,163
284,195
284,225
284,226
285,98
285,162
285,194
285,224
286,97
286,161
286,193
286,224
287,96
287,160
287,192
288,159
288,207
288,221
288,222
289,94
289,158
289,206
289,214
289,218
289,220
290,93
290,157
290,205
290,213
290,217
290,220
291,92
291,156
291,204
291,212
291,216
293,90
293,202
293,216
294,153
294,209
294,216
295,88
295,152
295,200
295,208
296,87
296,151
296,199
296,211
296,213
296,214
297,86
297,150
297,198
297,210
297,212
298,85
298,149
298,197
298,209
298,212
299,84
299,148
299,196
299,208
300,83
300,195
300,209
301,82
301,194
301,208
302,81
302,145
302,193
302,208
303,80
303,144
303,192
304,79
304,143
304,199
304,203
304,205
304,206
305,78
305,142
305,198
305,202
305,204
306,77
306,141
306,197
306,201
306,204
307,76
307,140
307,196
307,200
308,139
308,195
308,202
309,74
309,138
309,194
309,200
310,137
310,193
310,200
312,195
312,197
312,198
313,70
313,134
313,194
313,196
314,69
314,133
314,193
314,196
315,68
315,132
315,192
316,67
316,131
316,193
316,194
318,65
318,129
318,192
320,159
320,175
320,183
320,187
320,189
320,190
321,62
321,158
321,174
321,182
321,186
321,188
322,61
322,157
322,173
322,181
322,185
322,188
323,60
323,156
323,172
323,180
323,184
324,59
324,155
324,171
324,179
324,185
324,186
325,58
325,154
325,170
325,178
325,184
326,57
326,153
326,169
326,177
326,184
327,152
327,168
327,176
328,55
328,151
328,167
328,179
328,181
328,182
329,54
329,166
329,180
330,53
330,149
330,165
330,177
330,180
331,52
331,148
331,164
331,176
332,51
332,147
332,163
332,177
332,178
333,50
333,162
333,176
334,49
334,145
334,161
334,176
335,48
335,144
335,160
336,47
336,143
336,167
336,171
336,173
336,174
337,46
337,142
337,166
337,170
337,172
338,45
338,141
338,165
338,169
338,172
339,44
339,140
339,164
339,168
340,43
340,139
340,163
340,169
340,170
341,42
341,138
341,162
341,168
342,41
342,137
342,161
342,168
344,39
344,135
344,163
344,165
344,166
345,38
345,134
345,162
345,164
346,37
346,133
346,161
346,164
347,36
347,132
347,160
348,35
348,131
348,161
348,162
350,33
350,129
350,160
352,31
352,143
352,151
352,155
352,157
352,158
353,30
353,142
353,150
353,154
353,156
354,29
354,141
354,149
354,153
354,156
355,28
355,140
355,148
355,152
356,27
356,139
356,153
357,26
357,138
357,152
358,25
358,137
358,145
358,152
359,24
359,136
359,144
360,23
360,135
360,147
360,149
360,150
361,22
361,134
361,148
362,21
362,133
362,145
362,148
363,20
363,132
363,144
364,19
364,131
364,145
366,17
366,129
366,144
368,15
368,135
368,139
368,141
368,142
369,14
369,134
369,138
369,140
370,13
370,133
370,137
370,140
371,12
371,132
371,136
372,11
372,131
372,137
372,138
374,9
374,129
374,136
376,131
376,133
376,134
378,5
378,129
378,132
384,111
384,119
384,123
384,126
385,62
385,94
385,110
385,118
385,122
385,124
386,61
386,93
386,109
386,117
386,121
386,124
387,60
387,92
387,108
387,116
387,120
388,59
388,91
388,107
388,115
388,121
388,122
389,58
389,90
389,106
389,114
389,120
390,57
390,89
390,105
390,113
390,120
391,88
391,104
391,112
392,55
392,87
392,103
392,115
392,117
392,118
393,54
393,86
393,102
393,114
393,116
394,53
394,85
394,101
394,113
394,116
395,52
395,84
395,100
395,112
396,51
396,83
396,99
396,113
396,114
397,50
397,82
397,98
397,112
398,49
398,81
398,97
398,112
399,48
399,80
399,96
400,47
400,79
400,103
400,107
400,109
400,110
401,46
401,78
401,102
401,106
401,108
402,45
402,101
402,108
403,44
403,76
403,100
403,104
404,43
404,75
404,99
404,105
404,106
405,42
405,74
405,98
405,104
406,41
406,97
406,104
408,39
408,71
408,99
408,101
408,102
409,38
409,70
409,98
409,100
410,37
410,69
410,97
410,100
411,36
411,68
411,96
412,35
412,67
412,97
412,98
413,34
413,66
413,96
414,33
414,65
414,96
416,31
416,79
416,87
416,91
416,93
416,94
417,30
417,78
417,86
417,90
417,92
418,29
418,77
418,85
418,89
418,92
419,28
419,76
419,84
419,88
420,27
420,83
420,90
421,26
421,74
421,82
421,88
422,25
422,81
422,88
423,24
423,72
423,80
424,23
424,71
424,83
424,85
424,86
425,22
425,70
425,82
425,84
426,21
426,69
426,81
426,84
427,20
427,68
427,80
428,19
428,67
428,81
428,82
429,18
429,66
429,80
430,17
430,65
430,80
431,16
431,64
432,15
432,71
432,75
432,77
432,78
433,14
433,70
433,74
433,76
434,13
434,69
434,76
435,12
435,68
435,72
436,11
436,67
436,74
437,10
437,66
437,72
440,67
440,69
440,70
441,6
441,66
441,68
442,5
442,65
442,68
443,4
443,64
444,3
444,65
444,66
449,30
449,46
449,54
450,29
450,45
450,53
451,28
451,44
451,52
452,27
452,43
452,51
453,26
453,42
453,50
454,25
454,41
454,49
456,51
456,53
456,54
457,22
457,38
457,50
457,52
458,21
458,37
458,49
458,52
459,20
459,36
459,48
460,19
460,35
460,49
460,50
461,18
461,34
461,48
462,17
462,33
462,48
464,43
464,45
464,46
465,14
465,38
465,42
465,44
466,13
466,37
466,41
466,44
468,11
468,35
468,41
468,42
472,35
472,37
472,38
474,5
474,33
474,36
476,3
476,33
476,34
480,27
480,29
480,30
481,14
481,22
481,26
481,28
482,13
482,21
482,25
482,28
483,12
483,20
483,24
484,11
484,19
484,25
484,26
485,10
485,18
485,24
486,9
486,17
486,24
488,19
488,21
488,22
489,6
489,18
489,20
490,5
490,17
490,20
491,4
491,16
492,3
492,17
492,18
494,1
494,16
496,11
496,13
496,14
497,6
497,10
497,12
498,5
498,9
498,12
