0,3
0,5
0,6
0,9
0,10
0,12
0,17
0,18
0,20
0,24
0,33
0,34
0,36
0,40
0,48
0,65
0,66
0,68
0,72
0,80
0,96
0,129
0,130
0,132
0,136
0,144
0,160
0,192
0,257
0,258
0,260
0,264
0,272
0,288
0,320
0,384
1,2
1,4
1,8
1,16
1,32
1,64
1,128
1,256
2,1
2,4
2,8
2,16
2,32
2,64
2,128
2,256
3,0
4,1
4,2
4,8
4,16
4,32
4,64
4,128
4,256
5,0
6,0
8,1
8,2
8,4
8,16
8,32
8,64
8,128
8,256
9,0
10,0
12,0
16,1
16,2
16,4
16,8
16,32
16,64
16,128
16,256
17,0
18,0
20,0
24,0
32,1
32,2
32,4
32,8
32,16
32,64
32,128
32,256
33,0
34,0
36,0
40,0
48,0
64,1
64,2
64,4
64,8
64,16
64,32
64,128
64,256
65,0
66,0
68,0
72,0
80,0
96,0
128,1
128,2
128,4
128,8
128,16
128,32
128,64
128,256
129,0
130,0
132,0
136,0
144,0
160,0
192,0
256,1
256,2
256,4
256,8
256,16
256,32
256,64
256,128
257,0
258,0
260,0
264,0
272,0
288,0
320,0
384,0
