0,7
0,11
0,13
0,14
0,19
0,21
0,22
0,25
0,26
0,28
0,35
0,37
0,38
0,41
0,42
0,44
0,49
0,50
0,52
0,56
0,67
0,69
0,70
0,73
0,74
0,76
0,81
0,82
0,84
0,88
0,97
0,98
0,100
0,104
0,112
0,131
0,133
0,134
0,137
0,138
0,140
0,145
0,146
0,148
0,152
0,161
0,162
0,164
0,168
0,176
0,193
0,194
0,196
0,200
0,208
0,224
0,259
0,261
0,262
0,265
0,266
0,268
0,273
0,274
0,276
0,280
0,289
0,290
0,292
0,296
0,304
0,321
0,322
0,324
0,328
0,336
0,352
0,385
0,386
0,388
0,392
0,400
0,416
0,448
1,6
1,10
1,12
1,18
1,20
1,24
1,34
1,36
1,40
1,48
1,66
1,68
1,72
1,80
1,96
1,130
1,132
1,136
1,144
1,160
1,192
1,258
1,260
1,264
1,272
1,288
1,320
1,384
2,5
2,9
2,12
2,17
2,20
2,24
2,33
2,36
2,40
2,48
2,65
2,68
2,72
2,80
2,96
2,129
2,132
2,136
2,144
2,160
2,192
2,257
2,260
2,264
2,272
2,288
2,320
2,384
3,4
3,8
3,16
3,32
3,64
3,128
3,256
4,3
4,9
4,10
4,17
4,18
4,24
4,33
4,34
4,40
4,48
4,65
4,66
4,72
4,80
4,96
4,129
4,130
4,136
4,144
4,160
4,192
4,257
4,258
4,264
4,272
4,288
4,320
4,384
5,2
5,8
5,16
5,32
5,64
5,128
5,256
6,1
6,8
6,16
6,32
6,64
6,128
6,256
7,0
8,3
8,5
8,6
8,17
8,18
8,20
8,33
8,34
8,36
8,48
8,65
8,66
8,68
8,80
8,96
8,129
8,130
8,132
8,144
8,160
8,192
8,257
8,258
8,260
8,272
8,288
8,320
8,384
9,2
9,4
9,16
9,32
9,64
9,128
9,256
10,1
10,4
10,16
10,32
10,64
10,128
10,256
11,0
12,1
12,2
12,16
12,32
12,64
12,128
12,256
13,0
14,0
16,3
16,5
16,6
16,9
16,10
16,12
16,33
16,34
16,36
16,40
16,65
16,66
16,68
16,72
16,96
16,129
16,130
16,132
16,136
16,160
16,192
16,257
16,258
16,260
16,264
16,288
16,320
16,384
17,2
17,4
17,8
17,32
17,64
17,128
17,256
18,1
18,4
18,8
18,32
18,64
18,128
18,256
19,0
20,1
20,2
20,8
20,32
20,64
20,128
20,256
21,0
22,0
24,1
24,2
24,4
24,32
24,64
24,128
24,256
25,0
26,0
28,0
32,3
32,5
32,6
32,9
32,10
32,12
32,17
32,18
32,20
32,24
32,65
32,66
32,68
32,72
32,80
32,129
32,130
32,132
32,136
32,144
32,192
32,257
32,258
32,260
32,264
32,272
32,320
32,384
33,2
33,4
33,8
33,16
33,64
33,128
33,256
34,1
34,4
34,8
34,16
34,64
34,128
34,256
35,0
36,1
36,2
36,8
36,16
36,64
36,128
36,256
37,0
38,0
40,1
40,2
40,4
40,16
40,64
40,128
40,256
41,0
42,0
44,0
48,1
48,2
48,4
48,8
48,64
48,128
48,256
49,0
50,0
52,0
56,0
64,3
64,5
64,6
64,9
64,10
64,12
64,17
64,18
64,20
64,24
64,33
64,34
64,36
64,40
64,48
64,129
64,130
64,132
64,136
64,144
64,160
64,257
64,258
64,260
64,264
64,272
64,288
64,384
65,2
65,4
65,8
65,16
65,32
65,128
65,256
66,1
66,4
66,8
66,16
66,32
66,128
66,256
67,0
68,1
68,2
68,8
68,16
68,32
68,128
68,256
69,0
70,0
72,1
72,2
72,4
72,16
72,32
72,128
72,256
73,0
74,0
76,0
80,1
80,2
80,4
80,8
80,32
80,128
80,256
81,0
82,0
84,0
88,0
96,1
96,2
96,4
96,8
96,16
96,128
96,256
97,0
98,0
100,0
104,0
112,0
128,3
128,5
128,6
128,9
128,10
128,12
128,17
128,18
128,20
128,24
128,33
128,34
128,36
128,40
128,48
128,65
128,66
128,68
128,72
128,80
128,96
128,257
128,258
128,260
128,264
128,272
128,288
128,320
129,2
129,4
129,8
129,16
129,32
129,64
129,256
130,1
130,4
130,8
130,16
130,32
130,64
130,256
131,0
132,1
132,2
132,8
132,16
132,32
132,64
132,256
133,0
134,0
136,1
136,2
136,4
136,16
136,32
136,64
136,256
137,0
138,0
140,0
144,1
144,2
144,4
144,8
144,32
144,64
144,256
145,0
146,0
148,0
152,0
160,1
160,2
160,4
160,8
160,16
160,64
160,256
161,0
162,0
164,0
168,0
176,0
192,1
192,2
192,4
192,8
192,16
192,32
192,256
193,0
194,0
196,0
200,0
208,0
224,0
256,3
256,5
256,6
256,9
256,10
256,12
256,17
256,18
256,20
256,24
256,33
256,34
256,36
256,40
256,48
256,65
256,66
256,68
256,72
256,80
256,96
256,129
256,130
256,132
256,136
256,144
256,160
256,192
257,2
257,4
257,8
257,16
257,32
257,64
257,128
258,1
258,4
258,8
258,16
258,32
258,64
258,128
259,0
260,1
260,2
260,8
260,16
260,32
260,64
260,128
261,0
262,0
264,1
264,2
264,4
264,16
264,32
264,64
264,128
265,0
266,0
268,0
272,1
272,2
272,4
272,8
272,32
272,64
272,128
273,0
274,0
276,0
280,0
288,1
288,2
288,4
288,8
288,16
288,64
288,128
289,0
290,0
292,0
296,0
304,0
320,1
320,2
320,4
320,8
320,16
320,32
320,128
321,0
322,0
324,0
328,0
336,0
352,0
384,1
384,2
384,4
384,8
384,16
384,32
384,64
385,0
386,0
388,0
392,0
400,0
416,0
448,0
