0,239
0,254
0,431
0,443
0,491
0,494
1,126
1,190
1,222
1,238
1,246
1,250
1,252
1,318
1,350
1,366
1,374
1,378
1,414
1,430
1,442
1,444
1,462
1,474
1,476
1,486
1,490
1,492
1,498
2,189
2,221
2,237
2,245
2,249
2,252
2,413
2,429
2,437
2,441
2,444
2,461
2,476
2,485
2,489
2,492
2,497
3,124
3,188
3,220
3,236
3,244
3,248
3,316
3,348
3,364
3,372
3,376
3,412
3,428
3,436
3,440
3,460
3,468
3,472
3,484
3,488
3,496
4,123
4,187
4,235
4,243
4,249
4,250
4,315
4,347
4,363
4,371
4,378
4,411
4,427
4,435
4,441
4,442
4,459
4,474
4,483
4,489
4,490
4,497
4,498
5,122
5,186
5,218
5,234
5,242
5,248
5,314
5,346
5,362
5,370
5,376
5,410
5,426
5,434
5,440
5,458
5,466
5,472
5,482
5,488
5,496
6,121
6,185
6,217
6,233
6,241
6,248
6,313
6,345
6,361
6,369
6,376
6,409
6,425
6,433
6,440
6,457
6,465
6,472
6,481
6,488
6,496
7,216
7,232
7,240
7,344
7,360
7,368
7,408
7,424
7,432
8,119
8,183
8,231
8,243
8,245
8,246
8,359
8,371
8,374
8,423
8,435
8,437
8,483
8,485
8,486
8,497
8,498
9,118
9,182
9,214
9,230
9,242
9,244
9,310
9,342
9,358
9,370
9,372
9,406
9,422
9,434
9,436
9,454
9,466
9,468
9,482
9,484
9,496
10,117
10,181
10,213
10,229
10,241
10,244
10,309
10,341
10,357
10,369
10,372
10,405
10,421
10,433
10,436
10,453
10,465
10,468
10,481
10,484
10,496
11,116
11,180
11,212
11,228
11,240
11,308
11,340
11,356
11,368
11,404
11,420
11,432
11,452
11,464
11,480
12,115
12,179
12,211
12,227
12,241
12,242
12,307
12,339
12,355
12,369
12,370
12,403
12,419
12,433
12,434
12,451
12,465
12,466
12,481
12,482
12,496
13,114
13,178
13,210
13,226
13,240
13,306
13,338
13,354
13,368
13,402
13,418
13,432
13,450
13,464
13,480
14,113
14,177
14,209
14,225
14,240
14,305
14,337
14,353
14,368
14,401
14,417
14,432
14,449
14,464
14,480
15,112
15,176
15,208
15,224
15,304
15,336
15,352
15,400
15,416
16,111
16,175
16,207
16,231
16,235
16,237
16,238
16,303
16,335
16,359
16,363
16,366
16,399
16,423
16,427
16,429
16,430
16,459
16,461
16,462
16,483
16,485
16,486
16,489
16,490
16,492
17,110
17,174
17,206
17,230
17,234
17,236
17,302
17,334
17,358
17,362
17,364
17,398
17,422
17,426
17,428
17,454
17,458
17,460
17,482
17,484
17,488
18,109
18,173
18,205
18,229
18,233
18,236
18,301
18,333
18,357
18,361
18,364
18,397
18,421
18,425
18,428
18,453
18,457
18,460
18,481
18,484
18,488
19,108
19,172
19,204
19,228
19,232
19,300
19,332
19,356
19,360
19,396
19,420
19,424
19,452
19,456
19,480
20,107
20,171
20,203
20,227
20,233
20,234
20,299
20,331
20,355
20,361
20,362
20,395
20,419
20,425
20,426
20,451
20,457
20,458
20,481
20,482
20,488
21,106
21,170
21,202
21,226
21,232
21,298
21,330
21,354
21,360
21,394
21,418
21,424
21,450
21,456
21,480
22,105
22,169
22,201
22,225
22,232
22,297
22,329
22,353
22,360
22,393
22,417
22,424
22,449
22,456
22,480
23,104
23,168
23,200
23,224
23,296
23,328
23,352
23,392
23,416
24,103
24,167
24,199
24,227
24,229
24,230
24,295
24,327
24,355
24,357
24,358
24,391
24,419
24,421
24,422
24,451
24,453
24,454
24,481
24,482
24,484
25,102
25,166
25,198
25,226
25,228
25,294
25,326
25,354
25,356
25,390
25,418
25,420
25,450
25,452
25,480
26,101
26,165
26,197
26,225
26,228
26,293
26,325
26,353
26,356
26,389
26,417
26,420
26,449
26,452
26,480
27,100
27,164
27,196
27,224
27,292
27,324
27,352
27,388
27,416
27,448
28,99
28,163
28,195
28,225
28,226
28,291
28,323
28,353
28,354
28,387
28,417
28,418
28,449
28,450
28,480
29,98
29,162
29,194
29,224
29,290
29,322
29,352
29,386
29,416
29,448
30,97
30,161
30,193
30,224
30,289
30,321
30,352
30,385
30,416
30,448
31,96
31,160
31,192
31,288
31,320
31,384
32,159
32,207
32,221
32,222
32,287
32,335
32,347
32,350
32,399
32,411
32,413
32,414
32,459
32,461
32,462
32,474
32,476
33,94
33,158
33,206
33,214
33,218
33,220
33,286
33,334
33,342
33,346
33,348
33,398
33,406
33,410
33,412
33,454
33,458
33,460
33,466
33,468
33,472
34,93
34,157
34,205
34,213
34,217
34,220
34,285
34,333
34,341
34,345
34,348
34,397
34,405
34,409
34,412
34,453
34,457
34,460
34,465
34,468
34,472
35,92
35,156
35,204
35,212
35,216
35,284
35,332
35,340
35,344
35,396
35,404
35,408
35,452
35,456
35,464
36,91
36,155
36,203
36,211
36,217
36,218
36,283
36,331
36,339
36,345
36,346
36,395
36,403
36,409
36,410
36,451
36,457
36,458
36,465
36,466
36,472
37,90
37,154
37,202
37,210
37,216
37,282
37,330
37,338
37,344
37,394
37,402
37,408
37,450
37,456
37,464
38,89
38,153
38,201
38,209
38,216
38,281
38,329
38,337
38,344
38,393
38,401
38,408
38,449
38,456
38,464
39,88
39,152
39,200
39,208
39,280
39,328
39,336
39,392
39,400
40,87
40,151
40,199
40,211
40,213
40,214
40,279
40,327
40,339
40,341
40,342
40,391
40,403
40,405
40,406
40,451
40,453
40,454
40,465
40,466
40,468
41,86
41,150
41,198
41,210
41,212
41,278
41,326
41,338
41,340
41,390
41,402
41,404
41,450
41,452
41,464
42,85
42,149
42,197
42,209
42,212
42,277
42,325
42,337
42,340
42,389
42,401
42,404
42,449
42,452
42,464
43,84
43,148
43,196
43,208
43,276
43,324
43,336
43,388
43,400
43,448
44,83
44,147
44,195
44,209
44,210
44,275
44,323
44,337
44,338
44,387
44,401
44,402
44,449
44,450
44,464
45,82
45,146
45,194
45,208
45,274
45,322
45,336
45,386
45,400
45,448
46,81
46,145
46,193
46,208
46,273
46,321
46,336
46,385
46,400
46,448
47,80
47,144
47,192
47,272
47,320
47,384
48,79
48,143
48,199
48,203
48,205
48,206
48,271
48,327
48,331
48,333
48,334
48,391
48,395
48,397
48,398
48,451
48,453
48,454
48,457
48,458
48,460
49,78
49,142
49,198
49,202
49,204
49,270
49,326
49,330
49,332
49,390
49,394
49,396
49,450
49,452
49,456
50,77
50,141
50,197
50,201
50,204
50,269
50,325
50,329
50,332
50,389
50,393
50,396
50,449
50,452
50,456
51,76
51,140
51,196
51,200
51,268
51,324
51,328
51,388
51,392
51,448
52,75
52,139
52,195
52,201
52,202
52,267
52,323
52,329
52,330
52,387
52,393
52,394
52,449
52,450
52,456
53,74
53,138
53,194
53,200
53,266
53,322
53,328
53,386
53,392
53,448
54,73
54,137
54,193
54,200
54,265
54,321
54,328
54,385
54,392
54,448
55,72
55,136
55,192
55,264
55,320
55,384
56,195
56,197
56,198
56,323
56,325
56,326
56,387
56,389
56,390
57,70
57,134
57,194
57,196
57,262
57,322
57,324
57,386
57,388
58,69
58,133
58,193
58,196
58,261
58,321
58,324
58,385
58,388
59,68
59,132
59,192
59,260
59,320
59,384
60,67
60,131
60,193
60,194
60,259
60,321
60,322
60,385
60,386
61,66
61,130
61,192
61,258
61,320
61,384
62,65
62,129
62,192
62,257
62,320
62,384
64,159
64,175
64,183
64,187
64,189
64,190
64,287
64,303
64,315
64,318
64,399
64,411
64,413
64,414
64,423
64,427
64,429
64,430
64,435
64,437
64,441
64,442
64,444
65,62
65,158
65,174
65,182
65,186
65,188
65,286
65,302
65,310
65,314
65,316
65,398
65,406
65,410
65,412
65,422
65,426
65,428
65,434
65,436
65,440
66,61
66,157
66,173
66,181
66,185
66,188
66,285
66,301
66,309
66,313
66,316
66,397
66,405
66,409
66,412
66,421
66,425
66,428
66,433
66,436
66,440
67,60
67,156
67,172
67,180
67,184
67,284
67,300
67,308
67,312
67,396
67,404
67,408
67,420
67,424
67,432
68,59
68,155
68,171
68,179
68,185
68,186
68,283
68,299
68,307
68,313
68,314
68,395
68,403
68,409
68,410
68,419
68,425
68,426
68,433
68,434
68,440
69,58
69,154
69,170
69,178
69,184
69,282
69,298
69,306
69,312
69,394
69,402
69,408
69,418
69,424
69,432
70,57
70,153
70,169
70,177
70,184
70,281
70,297
70,305
70,312
70,393
70,401
70,408
70,417
70,424
70,432
71,152
71,168
71,176
71,280
71,296
71,304
71,392
71,400
71,416
72,55
72,151
72,167
72,179
72,181
72,182
72,279
72,295
72,307
72,309
72,310
72,391
72,403
72,405
72,406
72,419
72,421
72,422
72,433
72,434
72,436
73,54
73,166
73,180
73,278
73,306
73,390
73,404
73,418
73,432
74,53
74,149
74,165
74,177
74,180
74,277
74,293
74,305
74,308
74,389
74,401
74,404
74,417
74,420
74,432
75,52
75,148
75,164
75,176
75,276
75,304
75,388
75,400
75,416
76,51
76,147
76,163
76,177
76,178
76,275
76,291
76,305
76,306
76,387
76,401
76,402
76,417
76,418
76,432
77,50
77,162
77,176
77,274
77,290
77,304
77,386
77,400
77,416
78,49
78,145
78,161
78,176
78,273
78,289
78,304
78,385
78,400
78,416
79,48
79,144
79,160
79,272
79,288
79,384
80,47
80,143
80,167
80,171
80,173
80,174
80,271
80,295
80,299
80,301
80,302
80,391
80,395
80,397
80,398
80,419
80,421
80,422
80,425
80,426
80,428
81,46
81,142
81,166
81,170
81,172
81,270
81,294
81,298
81,300
81,390
81,394
81,396
81,418
81,420
81,424
82,45
82,141
82,165
82,169
82,172
82,269
82,293
82,297
82,300
82,389
82,393
82,396
82,417
82,420
82,424
83,44
83,140
83,164
83,168
83,268
83,292
83,296
83,388
83,392
83,416
84,43
84,139
84,163
84,169
84,170
84,267
84,291
84,297
84,298
84,387
84,393
84,394
84,417
84,418
84,424
85,42
85,138
85,162
85,168
85,266
85,290
85,296
85,386
85,392
85,416
86,41
86,137
86,161
86,168
86,265
86,289
86,296
86,385
86,392
86,416
87,40
87,136
87,160
87,264
87,288
87,384
88,39
88,135
88,163
88,165
88,166
88,263
88,291
88,293
88,294
88,387
88,389
88,390
88,417
88,418
88,420
89,38
89,134
89,162
89,164
89,262
89,290
89,386
89,388
89,416
90,37
90,133
90,161
90,164
90,261
90,289
90,292
90,385
90,388
90,416
91,36
91,132
91,160
91,260
91,288
91,384
92,35
92,131
92,161
92,162
92,259
92,289
92,290
92,385
92,386
92,416
93,34
93,130
93,160
93,258
93,288
93,384
94,33
94,129
94,160
94,257
94,288
94,384
96,31
96,143
96,151
96,155
96,157
96,158
96,271
96,279
96,283
96,285
96,286
96,391
96,395
96,397
96,398
96,403
96,405
96,406
96,409
96,410
96,412
97,30
97,142
97,150
97,154
97,156
97,270
97,278
97,282
97,284
97,390
97,394
97,396
97,402
97,404
97,408
98,29
98,141
98,149
98,153
98,156
98,269
98,277
98,281
98,284
98,389
98,393
98,396
98,401
98,404
98,408
99,28
99,140
99,148
99,152
99,268
99,276
99,280
99,388
99,392
99,400
100,27
100,139
100,147
100,153
100,154
100,267
100,275
100,281
100,282
100,387
100,393
100,394
100,401
100,402
100,408
101,26
101,138
101,146
101,152
101,266
101,274
101,280
101,386
101,392
101,400
102,25
102,137
102,145
102,152
102,265
102,273
102,280
102,385
102,392
102,400
103,24
103,136
103,144
103,264
103,272
103,384
104,23
104,135
104,147
104,149
104,150
104,263
104,275
104,277
104,278
104,387
104,389
104,390
104,401
104,402
104,404
105,22
105,134
105,148
105,262
105,274
105,276
105,386
105,388
105,400
106,21
106,133
106,145
106,148
106,261
106,273
106,276
106,385
106,388
106,400
107,20
107,132
107,144
107,260
107,272
107,384
108,19
108,131
108,145
108,146
108,259
108,273
108,274
108,385
108,386
108,400
109,18
109,130
109,144
109,258
109,272
109,384
110,17
110,129
110,144
110,257
110,272
110,384
111,16
111,128
111,256
112,15
112,135
112,139
112,141
112,142
112,263
112,267
112,269
112,270
112,387
112,389
112,390
112,393
112,394
112,396
113,14
113,134
113,138
113,140
113,262
113,266
113,268
113,386
113,388
113,392
114,13
114,133
114,137
114,140
114,261
114,265
114,268
114,385
114,388
114,392
115,12
115,132
115,136
115,260
115,264
115,384
116,11
116,131
116,137
116,138
116,259
116,265
116,266
116,385
116,386
116,392
117,10
117,130
117,136
117,258
117,264
117,384
118,9
118,129
118,136
118,257
118,264
118,384
119,8
119,128
119,256
120,131
120,133
120,134
120,259
120,261
120,262
120,385
120,386
120,388
121,6
121,130
121,132
121,258
121,260
121,384
122,5
122,129
122,132
122,257
122,260
122,384
123,4
123,128
123,256
124,3
124,129
124,130
124,257
124,258
124,384
126,1
126,128
126,256
128,111
128,119
128,123
128,126
128,287
128,303
128,315
128,318
128,335
128,347
128,350
128,359
128,363
128,366
128,371
128,374
128,378
129,62
129,94
129,110
129,118
129,122
129,124
129,286
129,302
129,310
129,314
129,316
129,334
129,342
129,346
129,348
129,358
129,362
129,364
129,370
129,372
129,376
130,61
130,93
130,109
130,117
130,121
130,124
130,285
130,301
130,309
130,313
130,316
130,333
130,341
130,345
130,348
130,357
130,361
130,364
130,369
130,372
130,376
131,60
131,92
131,108
131,116
131,120
131,284
131,300
131,308
131,312
131,332
131,340
131,344
131,356
131,360
131,368
132,59
132,91
132,107
132,115
132,121
132,122
132,283
132,299
132,307
132,313
132,314
132,331
132,339
132,345
132,346
132,355
132,361
132,362
132,369
132,370
132,376
133,58
133,90
133,106
133,114
133,120
133,282
133,298
133,306
133,312
133,330
133,338
133,344
133,354
133,360
133,368
134,57
134,89
134,105
134,113
134,120
134,281
134,297
134,305
134,312
134,329
134,337
134,344
134,353
134,360
134,368
135,88
135,104
135,112
135,280
135,296
135,304
135,328
135,336
135,352
136,55
136,87
136,103
136,115
136,117
136,118
136,279
136,295
136,307
136,309
136,310
136,327
136,339
136,341
136,342
136,355
136,357
136,358
136,369
136,370
136,372
137,54
137,86
137,102
137,114
137,116
137,278
137,294
137,306
137,308
137,326
137,338
137,340
137,354
137,356
137,368
138,53
138,85
138,101
138,113
138,116
138,277
138,293
138,305
138,308
138,325
138,337
138,340
138,353
138,356
138,368
139,52
139,84
139,100
139,112
139,276
139,292
139,304
139,324
139,336
139,352
140,51
140,83
140,99
140,113
140,114
140,275
140,291
140,305
140,306
140,323
140,337
140,338
140,353
140,354
140,368
141,50
141,82
141,98
141,112
141,274
141,290
141,304
141,322
141,336
141,352
142,49
142,81
142,97
142,112
142,273
142,289
142,304
142,321
142,336
142,352
143,48
143,80
143,96
143,272
143,288
143,320
144,47
144,79
144,103
144,107
144,109
144,110
144,271
144,295
144,299
144,301
144,302
144,327
144,331
144,333
144,334
144,355
144,357
144,358
144,361
144,362
144,364
145,46
145,78
145,102
145,106
145,108
145,270
145,294
145,298
145,300
145,326
145,330
145,332
145,354
145,356
145,360
146,45
146,101
146,108
146,269
146,297
146,325
146,332
146,353
146,360
147,44
147,76
147,100
147,104
147,268
147,296
147,324
147,328
147,352
148,43
148,75
148,99
148,105
148,106
148,267
148,291
148,297
148,298
148,323
148,329
148,330
148,353
148,354
148,360
149,42
149,74
149,98
149,104
149,266
149,290
149,296
149,322
149,328
149,352
150,41
150,97
150,104
150,265
150,289
150,296
150,321
150,328
150,352
151,40
151,72
151,96
151,264
151,288
151,320
152,39
152,71
152,99
152,101
152,102
152,263
152,291
152,293
152,294
152,323
152,325
152,326
152,353
152,354
152,356
153,38
153,70
153,98
153,100
153,262
153,290
153,292
153,322
153,324
153,352
154,37
154,69
154,97
154,100
154,261
154,289
154,321
154,324
154,352
155,36
155,68
155,96
155,260
155,288
155,320
156,35
156,67
156,97
156,98
156,259
156,289
156,290
156,321
156,322
156,352
157,34
157,66
157,96
157,258
157,288
157,320
158,33
158,65
158,96
158,257
158,288
158,320
159,32
159,64
159,256
160,31
160,79
160,87
160,91
160,93
160,94
160,271
160,279
160,283
160,285
160,286
160,327
160,331
160,333
160,334
160,339
160,341
160,342
160,345
160,346
160,348
161,30
161,78
161,86
161,90
161,92
161,270
161,278
161,282
161,284
161,326
161,330
161,332
161,338
161,340
161,344
162,29
162,77
162,85
162,89
162,92
162,269
162,277
162,281
162,284
162,325
162,329
162,332
162,337
162,340
162,344
163,28
163,76
163,84
163,88
163,268
163,276
163,280
163,324
163,328
163,336
164,27
164,75
164,83
164,89
164,90
164,267
164,275
164,281
164,282
164,323
164,329
164,330
164,337
164,338
164,344
165,26
165,74
165,82
165,88
165,266
165,274
165,280
165,322
165,328
165,336
166,25
166,73
166,81
166,88
166,265
166,273
166,280
166,321
166,328
166,336
167,24
167,72
167,80
167,264
167,272
167,320
168,23
168,71
168,83
168,85
168,86
168,263
168,275
168,277
168,278
168,323
168,325
168,326
168,337
168,338
168,340
169,22
169,70
169,82
169,84
169,262
169,274
169,276
169,322
169,324
169,336
170,21
170,69
170,81
170,84
170,261
170,273
170,276
170,321
170,324
170,336
171,20
171,68
171,80
171,260
171,272
171,320
172,19
172,67
172,81
172,82
172,259
172,273
172,274
172,321
172,322
172,336
173,18
173,66
173,80
173,258
173,272
173,320
174,17
174,65
174,80
174,257
174,272
174,320
175,16
175,64
175,256
176,15
176,71
176,75
176,77
176,78
176,263
176,267
176,269
176,270
176,323
176,325
176,326
176,329
176,330
176,332
177,14
177,70
177,74
177,76
177,262
177,266
177,268
177,322
177,324
177,328
178,13
178,69
178,76
178,261
178,265
178,268
178,321
178,324
178,328
179,12
179,68
179,72
179,260
179,264
179,320
180,11
180,67
180,73
180,74
180,259
180,265
180,266
180,321
180,322
180,328
181,10
181,66
181,72
181,258
181,264
181,320
182,9
182,65
182,72
182,257
182,264
182,320
183,8
183,64
183,256
184,67
184,69
184,70
184,259
184,261
184,262
184,321
184,322
184,324
185,6
185,66
185,68
185,258
185,260
185,320
186,5
186,65
186,68
186,257
186,260
186,320
187,4
187,64
187,256
188,3
188,65
188,66
188,257
188,258
188,320
189,2
189,64
189,256
190,1
190,64
190,256
192,31
192,47
192,55
192,59
192,61
192,62
192,271
192,279
192,283
192,285
192,286
192,295
192,299
192,301
192,302
192,307
192,309
192,310
192,313
192,314
192,316
193,30
193,46
193,54
193,58
193,60
193,270
193,278
193,282
193,284
193,294
193,298
193,300
193,306
193,308
193,312
194,29
194,45
194,53
194,57
194,60
194,269
194,277
194,281
194,284
194,293
194,297
194,300
194,305
194,308
194,312
195,28
195,44
195,52
195,56
195,268
195,276
195,280
195,292
195,296
195,304
196,27
196,43
196,51
196,57
196,58
196,267
196,275
196,281
196,282
196,291
196,297
196,298
196,305
196,306
196,312
197,26
197,42
197,50
197,56
197,266
197,274
197,280
197,290
197,296
197,304
198,25
198,41
198,49
198,56
198,265
198,273
198,280
198,289
198,296
198,304
199,24
199,40
199,48
199,264
199,272
199,288
200,23
200,39
200,51
200,53
200,54
200,263
200,275
200,277
200,278
200,291
200,293
200,294
200,305
200,306
200,308
201,22
201,38
201,50
201,52
201,262
201,274
201,276
201,290
201,304
202,21
202,37
202,49
202,52
202,261
202,273
202,276
202,289
202,292
202,304
203,20
203,36
203,48
203,260
203,272
203,288
204,19
204,35
204,49
204,50
204,259
204,273
204,274
204,289
204,290
204,304
205,18
205,34
205,48
205,258
205,272
205,288
206,17
206,33
206,48
206,257
206,272
206,288
207,16
207,32
207,256
208,15
208,39
208,43
208,45
208,46
208,263
208,267
208,269
208,270
208,291
208,293
208,294
208,297
208,298
208,300
209,14
209,38
209,42
209,44
209,262
209,266
209,268
209,290
209,292
209,296
210,13
210,37
210,41
210,44
210,261
210,265
210,268
210,289
210,296
211,12
211,36
211,40
211,260
211,264
211,288
212,11
212,35
212,41
212,42
212,259
212,265
212,266
212,289
212,290
212,296
213,10
213,34
213,40
213,258
213,264
213,288
214,9
214,33
214,40
214,257
214,264
214,288
216,7
216,35
216,37
216,38
216,259
216,261
216,262
216,289
216,290
216,292
217,6
217,34
217,36
217,258
217,260
217,288
218,5
218,33
218,36
218,257
218,260
218,288
220,3
220,33
220,34
220,257
220,258
220,288
221,2
221,32
221,256
222,1
222,32
222,256
224,15
224,23
224,27
224,29
224,30
224,263
224,267
224,269
224,270
224,275
224,277
224,278
224,281
224,282
224,284
225,14
225,22
225,26
225,28
225,262
225,266
225,268
225,274
225,276
225,280
226,13
226,21
226,25
226,28
226,261
226,265
226,268
226,273
226,276
226,280
227,12
227,20
227,24
227,260
227,264
227,272
228,11
228,19
228,25
228,26
228,259
228,265
228,266
228,273
228,274
228,280
229,10
229,18
229,24
229,258
229,264
229,272
230,9
230,17
230,24
230,257
230,264
230,272
231,8
231,16
231,256
232,7
232,19
232,21
232,22
232,259
232,261
232,262
232,273
232,274
232,276
233,6
233,18
233,20
233,258
233,260
233,272
234,5
234,17
234,20
234,257
234,260
234,272
235,4
235,16
235,256
236,3
236,17
236,18
236,257
236,258
236,272
237,2
237,16
237,256
238,1
238,16
238,256
239,0
240,7
240,11
240,13
240,14
240,259
240,261
240,262
240,265
240,266
240,268
241,6
241,10
241,12
241,258
241,260
241,264
242,5
242,9
242,12
242,257
242,260
242,264
243,4
243,8
243,256
244,3
244,9
244,10
244,257
244,258
244,264
245,2
245,8
245,256
246,1
246,8
246,256
248,3
248,5
248,6
248,257
248,258
248,260
249,2
249,4
249,256
250,1
250,4
250,256
252,1
252,2
252,256
254,0
256,111
256,119
256,123
256,126
256,159
256,175
256,183
256,187
256,189
256,190
256,207
256,221
256,222
256,231
256,235
256,237
256,238
256,243
256,245
256,246
256,249
256,250
256,252
257,62
257,94
257,110
257,118
257,122
257,124
257,158
257,174
257,182
257,186
257,188
257,206
257,214
257,218
257,220
257,230
257,234
257,236
257,242
257,244
257,248
258,61
258,93
258,109
258,117
258,121
258,124
258,157
258,173
258,181
258,185
258,188
258,205
258,213
258,217
258,220
258,229
258,233
258,236
258,241
258,244
258,248
259,60
259,92
259,108
259,116
259,120
259,156
259,172
259,180
259,184
259,204
259,212
259,216
259,228
259,232
259,240
260,59
260,91
260,107
260,115
260,121
260,122
260,155
260,171
260,179
260,185
260,186
260,203
260,211
260,217
260,218
260,227
260,233
260,234
260,241
260,242
260,248
261,58
261,90
261,106
261,114
261,120
261,154
261,170
261,178
261,184
261,202
261,210
261,216
261,226
261,232
261,240
262,57
262,89
262,105
262,113
262,120
262,153
262,169
262,177
262,184
262,201
262,209
262,216
262,225
262,232
262,240
263,88
263,104
263,112
263,152
263,168
263,176
263,200
263,208
263,224
264,55
264,87
264,103
264,115
264,117
264,118
264,151
264,167
264,179
264,181
264,182
264,199
264,211
264,213
264,214
264,227
264,229
264,230
264,241
264,242
264,244
265,54
265,86
265,102
265,114
265,116
265,150
265,166
265,178
265,180
265,198
265,210
265,212
265,226
265,228
265,240
266,53
266,85
266,101
266,113
266,116
266,149
266,165
266,177
266,180
266,197
266,209
266,212
266,225
266,228
266,240
267,52
267,84
267,100
267,112
267,148
267,164
267,176
267,196
267,208
267,224
268,51
268,83
268,99
268,113
268,114
268,147
268,163
268,177
268,178
268,195
268,209
268,210
268,225
268,226
268,240
269,50
269,82
269,98
269,112
269,146
269,162
269,176
269,194
269,208
269,224
270,49
270,81
270,97
270,112
270,145
270,161
270,176
270,193
270,208
270,224
271,48
271,80
271,96
271,144
271,160
271,192
272,47
272,79
272,103
272,107
272,109
272,110
272,143
272,167
272,171
272,173
272,174
272,199
272,203
272,205
272,206
272,227
272,229
272,230
272,233
272,234
272,236
273,46
273,78
273,102
273,106
273,108
273,142
273,166
273,170
273,172
273,198
273,202
273,204
273,226
273,228
273,232
274,45
274,77
274,101
274,105
274,108
274,141
274,165
274,169
274,172
274,197
274,201
274,204
274,225
274,228
274,232
275,44
275,76
275,100
275,104
275,140
275,164
275,168
275,196
275,200
275,224
276,43
276,75
276,99
276,105
276,106
276,139
276,163
276,169
276,170
276,195
276,201
276,202
276,225
276,226
276,232
277,42
277,74
277,98
277,104
277,138
277,162
277,168
277,194
277,200
277,224
278,41
278,73
278,97
278,104
278,137
278,161
278,168
278,193
278,200
278,224
279,40
279,72
279,96
279,136
279,160
279,192
280,39
280,71
280,99
280,101
280,102
280,135
280,163
280,165
280,166
280,195
280,197
280,198
280,225
280,226
280,228
281,38
281,70
281,98
281,100
281,134
281,162
281,164
281,194
281,196
281,224
282,37
282,69
282,97
282,100
282,133
282,161
282,164
282,193
282,196
282,224
283,36
283,68
283,96
283,132
283,160
283,192
284,35
284,67
284,97
284,98
284,131
284,161
284,162
284,193
284,194
284,224
285,34
285,66
285,96
285,130
285,160
285,192
286,33
286,65
286,96
286,129
286,160
286,192
287,32
287,64
287,128
288,31
288,79
288,87
288,91
288,93
288,94
288,143
288,151
288,155
288,157
288,158
288,199
288,203
288,205
288,206
288,211
288,213
288,214
288,217
288,218
288,220
289,30
289,78
289,86
289,90
289,92
289,142
289,150
289,154
289,156
289,198
289,202
289,204
289,210
289,212
289,216
290,29
290,77
290,85
290,89
290,92
290,141
290,149
290,153
290,156
290,197
290,201
290,204
290,209
290,212
290,216
291,28
291,76
291,84
291,88
291,140
291,148
291,152
291,196
291,200
291,208
292,27
292,83
292,90
292,139
292,153
292,195
292,202
292,209
292,216
293,26
293,74
293,82
293,88
293,138
293,152
293,194
293,200
293,208
294,25
294,81
294,88
294,137
294,145
294,152
294,193
294,200
294,208
295,24
295,72
295,80
295,136
295,144
295,192
296,23
296,71
296,83
296,85
296,86
296,135
296,147
296,149
296,150
296,195
296,197
296,198
296,209
296,210
296,212
297,22
297,70
297,82
297,84
297,134
297,146
297,148
297,194
297,196
297,208
298,21
298,69
298,81
298,84
298,133
298,145
298,148
298,193
298,196
298,208
299,20
299,68
299,80
299,132
299,144
299,192
300,19
300,67
300,81
300,82
300,131
300,145
300,193
300,194
300,208
301,18
301,66
301,80
301,130
301,144
301,192
302,17
302,65
302,80
302,129
302,144
302,192
303,16
303,64
303,128
304,15
304,71
304,75
304,77
304,78
304,135
304,139
304,141
304,142
304,195
304,197
304,198
304,201
304,202
304,204
305,14
305,70
305,74
305,76
305,134
305,138
305,140
305,194
305,196
305,200
306,13
306,69
306,73
306,76
306,133
306,137
306,140
306,193
306,196
306,200
307,12
307,68
307,72
307,132
307,136
307,192
308,11
308,67
308,74
308,131
308,137
308,138
308,193
308,194
308,200
309,10
309,66
309,72
309,130
309,136
309,192
310,9
310,65
310,72
310,129
310,136
310,192
312,67
312,69
312,70
312,131
312,133
312,134
312,193
312,194
312,196
313,6
313,66
313,68
313,130
313,132
313,192
314,5
314,65
314,68
314,129
314,132
314,192
315,4
315,64
315,128
316,3
316,65
316,66
316,129
316,130
316,192
318,1
318,64
318,128
320,31
320,47
320,55
320,59
320,61
320,62
320,143
320,151
320,155
320,157
320,158
320,167
320,171
320,173
320,174
320,179
320,181
320,182
320,185
320,186
320,188
321,30
321,46
321,54
321,58
321,60
321,142
321,150
321,154
321,156
321,166
321,170
321,172
321,178
321,180
321,184
322,29
322,45
322,53
322,57
322,60
322,141
322,149
322,153
322,156
322,165
322,169
322,172
322,177
322,180
322,184
323,28
323,44
323,52
323,56
323,140
323,148
323,152
323,164
323,168
323,176
324,27
324,43
324,51
324,57
324,58
324,139
324,147
324,153
324,154
324,163
324,169
324,170
324,177
324,178
324,184
325,26
325,42
325,50
325,56
325,138
325,146
325,152
325,162
325,168
325,176
326,25
326,41
326,49
326,56
326,137
326,145
326,152
326,161
326,168
326,176
327,24
327,40
327,48
327,136
327,144
327,160
328,23
328,39
328,51
328,53
328,54
328,135
328,147
328,149
328,150
328,163
328,165
328,166
328,177
328,178
328,180
329,22
329,38
329,50
329,52
329,134
329,148
329,162
329,164
329,176
330,21
330,37
330,49
330,52
330,133
330,145
330,148
330,161
330,164
330,176
331,20
331,36
331,48
331,132
331,144
331,160
332,19
332,35
332,49
332,50
332,131
332,145
332,146
332,161
332,162
332,176
333,18
333,34
333,48
333,130
333,144
333,160
334,17
334,33
334,48
334,129
334,144
334,160
335,16
335,32
335,128
336,15
336,39
336,43
336,45
336,46
336,135
336,139
336,141
336,142
336,163
336,165
336,166
336,169
336,170
336,172
337,14
337,38
337,42
337,44
337,134
337,138
337,140
337,162
337,164
337,168
338,13
338,37
338,41
338,44
338,133
338,137
338,140
338,161
338,164
338,168
339,12
339,36
339,40
339,132
339,136
339,160
340,11
340,35
340,41
340,42
340,131
340,137
340,138
340,161
340,162
340,168
341,10
341,34
341,40
341,130
341,136
341,160
342,9
342,33
342,40
342,129
342,136
342,160
344,7
344,35
344,37
344,38
344,131
344,133
344,134
344,161
344,162
344,164
345,6
345,34
345,36
345,130
345,132
345,160
346,5
346,33
346,36
346,129
346,132
346,160
347,4
347,32
347,128
348,3
348,33
348,34
348,129
348,130
348,160
350,1
350,32
350,128
352,15
352,23
352,27
352,29
352,30
352,135
352,139
352,141
352,142
352,147
352,149
352,150
352,153
352,154
352,156
353,14
353,22
353,26
353,28
353,134
353,138
353,140
353,146
353,148
353,152
354,13
354,21
354,25
354,28
354,133
354,137
354,140
354,145
354,148
354,152
355,12
355,20
355,24
355,132
355,136
355,144
356,11
356,19
356,25
356,26
356,131
356,137
356,138
356,145
356,152
357,10
357,18
357,24
357,130
357,136
357,144
358,9
358,17
358,24
358,129
358,136
358,144
359,8
359,16
359,128
360,7
360,19
360,21
360,22
360,131
360,133
360,134
360,145
360,146
360,148
361,6
361,18
361,20
361,130
361,132
361,144
362,5
362,17
362,20
362,129
362,132
362,144
363,4
363,16
363,128
364,3
364,17
364,18
364,129
364,130
364,144
366,1
366,16
366,128
368,7
368,11
368,13
368,14
368,131
368,133
368,134
368,137
368,138
368,140
369,6
369,10
369,12
369,130
369,132
369,136
370,5
370,9
370,12
370,129
370,132
370,136
371,4
371,8
371,128
372,3
372,9
372,10
372,129
372,130
372,136
374,1
374,8
374,128
376,3
376,5
376,6
376,129
376,130
376,132
378,1
378,4
378,128
384,31
384,47
384,55
384,59
384,61
384,62
384,79
384,87
384,91
384,93
384,94
384,103
384,107
384,109
384,110
384,115
384,117
384,118
384,121
384,122
384,124
385,30
385,46
385,54
385,58
385,60
385,78
385,86
385,90
385,92
385,102
385,106
385,108
385,114
385,116
385,120
386,29
386,45
386,53
386,57
386,60
386,77
386,85
386,89
386,92
386,101
386,105
386,108
386,113
386,116
386,120
387,28
387,44
387,52
387,56
387,76
387,84
387,88
387,100
387,104
387,112
388,27
388,43
388,51
388,57
388,58
388,75
388,83
388,89
388,90
388,99
388,105
388,106
388,113
388,114
388,120
389,26
389,42
389,50
389,56
389,74
389,82
389,88
389,98
389,104
389,112
390,25
390,41
390,49
390,56
390,73
390,81
390,88
390,97
390,104
390,112
391,24
391,40
391,48
391,72
391,80
391,96
392,23
392,39
392,51
392,53
392,54
392,71
392,83
392,85
392,86
392,99
392,101
392,102
392,113
392,114
392,116
393,22
393,38
393,50
393,52
393,70
393,82
393,84
393,98
393,100
393,112
394,21
394,37
394,49
394,52
394,69
394,81
394,84
394,97
394,100
394,112
395,20
395,36
395,48
395,68
395,80
395,96
396,19
396,35
396,49
396,50
396,67
396,81
396,82
396,97
396,98
396,112
397,18
397,34
397,48
397,66
397,80
397,96
398,17
398,33
398,48
398,65
398,80
398,96
399,16
399,32
399,64
400,15
400,39
400,43
400,45
400,46
400,71
400,75
400,77
400,78
400,99
400,101
400,102
400,105
400,106
400,108
401,14
401,38
401,42
401,44
401,70
401,74
401,76
401,98
401,100
401,104
402,13
402,37
402,41
402,44
402,69
402,76
402,97
402,100
402,104
403,12
403,36
403,40
403,68
403,72
403,96
404,11
404,35
404,41
404,42
404,67
404,73
404,74
404,97
404,98
404,104
405,10
405,34
405,40
405,66
405,72
405,96
406,9
406,33
406,40
406,65
406,72
406,96
408,7
408,35
408,37
408,38
408,67
408,69
408,70
408,97
408,98
408,100
409,6
409,34
409,36
409,66
409,68
409,96
410,5
410,33
410,36
410,65
410,68
410,96
411,4
411,32
411,64
412,3
412,33
412,34
412,65
412,66
412,96
413,2
413,32
413,64
414,1
414,32
414,64
416,15
416,23
416,27
416,29
416,30
416,71
416,75
416,77
416,78
416,83
416,85
416,86
416,89
416,90
416,92
417,14
417,22
417,26
417,28
417,70
417,74
417,76
417,82
417,84
417,88
418,13
418,21
418,25
418,28
418,69
418,73
418,76
418,81
418,84
418,88
419,12
419,20
419,24
419,68
419,72
419,80
420,11
420,19
420,25
420,26
420,67
420,74
420,81
420,82
420,88
421,10
421,18
421,24
421,66
421,72
421,80
422,9
422,17
422,24
422,65
422,72
422,80
423,8
423,16
423,64
424,7
424,19
424,21
424,22
424,67
424,69
424,70
424,81
424,82
424,84
425,6
425,18
425,20
425,66
425,68
425,80
426,5
426,17
426,20
426,65
426,68
426,80
427,4
427,16
427,64
428,3
428,17
428,18
428,65
428,66
428,80
429,2
429,16
429,64
430,1
430,16
430,64
431,0
432,7
432,11
432,13
432,14
432,67
432,69
432,70
432,73
432,74
432,76
433,6
433,10
433,12
433,66
433,68
433,72
434,5
434,9
434,12
434,65
434,68
434,72
435,4
435,8
435,64
436,3
436,9
436,10
436,65
436,66
436,72
437,2
437,8
437,64
440,3
440,5
440,6
440,65
440,66
440,68
441,2
441,4
441,64
442,1
442,4
442,64
443,0
444,1
444,2
444,64
448,27
448,29
448,30
448,43
448,45
448,46
448,51
448,53
448,54
449,14
449,22
449,26
449,28
449,38
449,42
449,44
449,50
449,52
450,13
450,21
450,25
450,28
450,37
450,41
450,44
450,49
450,52
451,12
451,20
451,24
451,36
451,40
451,48
452,11
452,19
452,25
452,26
452,35
452,41
452,42
452,49
452,50
453,10
453,18
453,24
453,34
453,40
453,48
454,9
454,17
454,24
454,33
454,40
454,48
456,19
456,21
456,22
456,35
456,37
456,38
456,49
456,50
456,52
457,6
457,18
457,20
457,34
457,36
457,48
458,5
458,17
458,20
458,33
458,36
458,48
459,4
459,16
459,32
460,3
460,17
460,18
460,33
460,34
460,48
461,2
461,16
461,32
462,1
462,16
462,32
464,11
464,13
464,14
464,35
464,37
464,38
464,41
464,42
464,44
465,6
465,10
465,12
465,34
465,36
465,40
466,5
466,9
466,12
466,33
466,36
466,40
468,3
468,9
468,10
468,33
468,34
468,40
472,3
472,5
472,6
472,33
472,34
472,36
474,1
474,4
474,32
476,1
476,2
476,32
480,11
480,13
480,14
480,19
480,21
480,22
480,25
480,26
480,28
481,6
481,10
481,12
481,18
481,20
481,24
482,5
482,9
482,12
482,17
482,20
482,24
483,4
483,8
483,16
484,3
484,9
484,10
484,17
484,18
484,24
485,2
485,8
485,16
486,1
486,8
486,16
488,3
488,5
488,6
488,17
488,18
488,20
489,2
489,4
489,16
490,1
490,4
490,16
491,0
492,1
492,2
492,16
494,0
496,3
496,5
496,6
496,9
496,10
496,12
497,2
497,4
497,8
498,1
498,4
498,8
