0,15
0,23
0,27
0,29
0,30
0,39
0,43
0,45
0,46
0,51
0,53
0,54
0,57
0,58
0,60
0,71
0,75
0,77
0,78
0,83
0,85
0,86
0,89
0,90
0,92
0,99
0,101
0,102
0,105
0,106
0,108
0,113
0,114
0,116
0,120
0,135
0,139
0,141
0,142
0,147
0,149
0,150
0,153
0,154
0,156
0,163
0,165
0,166
0,169
0,170
0,172
0,177
0,178
0,180
0,184
0,195
0,197
0,198
0,201
0,202
0,204
0,209
0,210
0,212
0,216
0,225
0,226
0,228
0,232
0,240
0,263
0,267
0,269
0,270
0,275
0,277
0,278
0,281
0,282
0,284
0,291
0,293
0,294
0,297
0,298
0,300
0,305
0,306
0,308
0,312
0,323
0,325
0,326
0,329
0,330
0,332
0,337
0,338
0,340
0,344
0,353
0,354
0,356
0,360
0,368
0,387
0,389
0,390
0,393
0,394
0,396
0,401
0,402
0,404
0,408
0,417
0,418
0,420
0,424
0,432
0,449
0,450
0,452
0,456
0,464
0,480
1,14
1,22
1,26
1,28
1,38
1,42
1,44
1,50
1,52
1,56
1,70
1,74
1,76
1,82
1,84
1,88
1,98
1,100
1,104
1,112
1,134
1,138
1,140
1,146
1,148
1,152
1,162
1,164
1,168
1,176
1,194
1,196
1,200
1,208
1,224
1,262
1,266
1,268
1,274
1,276
1,280
1,290
1,292
1,296
1,304
1,322
1,324
1,328
1,336
1,352
1,386
1,388
1,392
1,400
1,416
1,448
2,13
2,21
2,25
2,28
2,37
2,41
2,44
2,49
2,52
2,56
2,69
2,73
2,76
2,81
2,84
2,88
2,97
2,100
2,104
2,112
2,133
2,137
2,140
2,145
2,148
2,152
2,161
2,164
2,168
2,176
2,193
2,196
2,200
2,208
2,224
2,261
2,265
2,268
2,273
2,276
2,280
2,289
2,292
2,296
2,304
2,321
2,324
2,328
2,336
2,352
2,385
2,388
2,392
2,400
2,416
2,448
3,12
3,20
3,24
3,36
3,40
3,48
3,68
3,72
3,80
3,96
3,132
3,136
3,144
3,160
3,192
3,260
3,264
3,272
3,288
3,320
3,384
4,11
4,19
4,25
4,26
4,35
4,41
4,42
4,49
4,50
4,56
4,67
4,73
4,74
4,81
4,82
4,88
4,97
4,98
4,104
4,112
4,131
4,137
4,138
4,145
4,146
4,152
4,161
4,162
4,168
4,176
4,193
4,194
4,200
4,208
4,224
4,259
4,265
4,266
4,273
4,274
4,280
4,289
4,290
4,296
4,304
4,321
4,322
4,328
4,336
4,352
4,385
4,386
4,392
4,400
4,416
4,448
5,10
5,18
5,24
5,34
5,40
5,48
5,66
5,72
5,80
5,96
5,130
5,136
5,144
5,160
5,192
5,258
5,264
5,272
5,288
5,320
5,384
6,9
6,17
6,24
6,33
6,40
6,48
6,65
6,72
6,80
6,96
6,129
6,136
6,144
6,160
6,192
6,257
6,264
6,272
6,288
6,320
6,384
7,8
7,16
7,32
7,64
7,128
7,256
8,7
8,19
8,21
8,22
8,35
8,37
8,38
8,49
8,50
8,52
8,67
8,69
8,70
8,81
8,82
8,84
8,97
8,98
8,100
8,112
8,131
8,133
8,134
8,145
8,146
8,148
8,161
8,162
8,164
8,176
8,193
8,194
8,196
8,208
8,224
8,259
8,261
8,262
8,273
8,274
8,276
8,289
8,290
8,292
8,304
8,321
8,322
8,324
8,336
8,352
8,385
8,386
8,388
8,400
8,416
8,448
9,6
9,18
9,20
9,34
9,36
9,48
9,66
9,68
9,80
9,96
9,130
9,132
9,144
9,160
9,192
9,258
9,260
9,272
9,288
9,320
9,384
10,5
10,17
10,20
10,33
10,36
10,48
10,65
10,68
10,80
10,96
10,129
10,132
10,144
10,160
10,192
10,257
10,260
10,272
10,288
10,320
10,384
11,4
11,16
11,32
11,64
11,128
11,256
12,3
12,17
12,18
12,33
12,34
12,48
12,65
12,66
12,80
12,96
12,129
12,130
12,144
12,160
12,192
12,257
12,258
12,272
12,288
12,320
12,384
13,2
13,16
13,32
13,64
13,128
13,256
14,1
14,16
14,32
14,64
14,128
14,256
15,0
16,7
16,11
16,13
16,14
16,35
16,37
16,38
16,41
16,42
16,44
16,67
16,69
16,70
16,73
16,74
16,76
16,97
16,98
16,100
16,104
16,131
16,133
16,134
16,137
16,138
16,140
16,161
16,162
16,164
16,168
16,193
16,194
16,196
16,200
16,224
16,259
16,261
16,262
16,265
16,266
16,268
16,289
16,290
16,292
16,296
16,321
16,322
16,324
16,328
16,352
16,385
16,386
16,388
16,392
16,416
16,448
17,6
17,10
17,12
17,34
17,36
17,40
17,66
17,68
17,72
17,96
17,130
17,132
17,136
17,160
17,192
17,258
17,260
17,264
17,288
17,320
17,384
18,5
18,9
18,12
18,33
18,36
18,40
18,65
18,68
18,72
18,96
18,129
18,132
18,136
18,160
18,192
18,257
18,260
18,264
18,288
18,320
18,384
19,4
19,8
19,32
19,64
19,128
19,256
20,3
20,9
20,10
20,33
20,34
20,40
20,65
20,66
20,72
20,96
20,129
20,130
20,136
20,160
20,192
20,257
20,258
20,264
20,288
20,320
20,384
21,2
21,8
21,32
21,64
21,128
21,256
22,1
22,8
22,32
22,64
22,128
22,256
23,0
24,3
24,5
24,6
24,33
24,34
24,36
24,65
24,66
24,68
24,96
24,129
24,130
24,132
24,160
24,192
24,257
24,258
24,260
24,288
24,320
24,384
25,2
25,4
25,32
25,64
25,128
25,256
26,1
26,4
26,32
26,64
26,128
26,256
27,0
28,1
28,2
28,32
28,64
28,128
28,256
29,0
30,0
32,7
32,11
32,13
32,14
32,19
32,21
32,22
32,25
32,26
32,28
32,67
32,69
32,70
32,73
32,74
32,76
32,81
32,82
32,84
32,88
32,131
32,133
32,134
32,137
32,138
32,140
32,145
32,146
32,148
32,152
32,193
32,194
32,196
32,200
32,208
32,259
32,261
32,262
32,265
32,266
32,268
32,273
32,274
32,276
32,280
32,321
32,322
32,324
32,328
32,336
32,385
32,386
32,388
32,392
32,400
32,448
33,6
33,10
33,12
33,18
33,20
33,24
33,66
33,68
33,72
33,80
33,130
33,132
33,136
33,144
33,192
33,258
33,260
33,264
33,272
33,320
33,384
34,5
34,9
34,12
34,17
34,20
34,24
34,65
34,68
34,72
34,80
34,129
34,132
34,136
34,144
34,192
34,257
34,260
34,264
34,272
34,320
34,384
35,4
35,8
35,16
35,64
35,128
35,256
36,3
36,9
36,10
36,17
36,18
36,24
36,65
36,66
36,72
36,80
36,129
36,130
36,136
36,144
36,192
36,257
36,258
36,264
36,272
36,320
36,384
37,2
37,8
37,16
37,64
37,128
37,256
38,1
38,8
38,16
38,64
38,128
38,256
39,0
40,3
40,5
40,6
40,17
40,18
40,20
40,65
40,66
40,68
40,80
40,129
40,130
40,132
40,144
40,192
40,257
40,258
40,260
40,272
40,320
40,384
41,2
41,4
41,16
41,64
41,128
41,256
42,1
42,4
42,16
42,64
42,128
42,256
43,0
44,1
44,2
44,16
44,64
44,128
44,256
45,0
46,0
48,3
48,5
48,6
48,9
48,10
48,12
48,65
48,66
48,68
48,72
48,129
48,130
48,132
48,136
48,192
48,257
48,258
48,260
48,264
48,320
48,384
49,2
49,4
49,8
49,64
49,128
49,256
50,1
50,4
50,8
50,64
50,128
50,256
51,0
52,1
52,2
52,8
52,64
52,128
52,256
53,0
54,0
56,1
56,2
56,4
56,64
56,128
56,256
57,0
58,0
60,0
64,7
64,11
64,13
64,14
64,19
64,21
64,22
64,25
64,26
64,28
64,35
64,37
64,38
64,41
64,42
64,44
64,49
64,50
64,52
64,56
64,131
64,133
64,134
64,137
64,138
64,140
64,145
64,146
64,148
64,152
64,161
64,162
64,164
64,168
64,176
64,259
64,261
64,262
64,265
64,266
64,268
64,273
64,274
64,276
64,280
64,289
64,290
64,292
64,296
64,304
64,385
64,386
64,388
64,392
64,400
64,416
65,6
65,10
65,12
65,18
65,20
65,24
65,34
65,36
65,40
65,48
65,130
65,132
65,136
65,144
65,160
65,258
65,260
65,264
65,272
65,288
65,384
66,5
66,9
66,12
66,17
66,20
66,24
66,33
66,36
66,40
66,48
66,129
66,132
66,136
66,144
66,160
66,257
66,260
66,264
66,272
66,288
66,384
67,4
67,8
67,16
67,32
67,128
67,256
68,3
68,9
68,10
68,17
68,18
68,24
68,33
68,34
68,40
68,48
68,129
68,130
68,136
68,144
68,160
68,257
68,258
68,264
68,272
68,288
68,384
69,2
69,8
69,16
69,32
69,128
69,256
70,1
70,8
70,16
70,32
70,128
70,256
71,0
72,3
72,5
72,6
72,17
72,18
72,20
72,33
72,34
72,36
72,48
72,129
72,130
72,132
72,144
72,160
72,257
72,258
72,260
72,272
72,288
72,384
73,2
73,4
73,16
73,32
73,128
73,256
74,1
74,4
74,16
74,32
74,128
74,256
75,0
76,1
76,2
76,16
76,32
76,128
76,256
77,0
78,0
80,3
80,5
80,6
80,9
80,10
80,12
80,33
80,34
80,36
80,40
80,129
80,130
80,132
80,136
80,160
80,257
80,258
80,260
80,264
80,288
80,384
81,2
81,4
81,8
81,32
81,128
81,256
82,1
82,4
82,8
82,32
82,128
82,256
83,0
84,1
84,2
84,8
84,32
84,128
84,256
85,0
86,0
88,1
88,2
88,4
88,32
88,128
88,256
89,0
90,0
92,0
96,3
96,5
96,6
96,9
96,10
96,12
96,17
96,18
96,20
96,24
96,129
96,130
96,132
96,136
96,144
96,257
96,258
96,260
96,264
96,272
96,384
97,2
97,4
97,8
97,16
97,128
97,256
98,1
98,4
98,8
98,16
98,128
98,256
99,0
100,1
100,2
100,8
100,16
100,128
100,256
101,0
102,0
104,1
104,2
104,4
104,16
104,128
104,256
105,0
106,0
108,0
112,1
112,2
112,4
112,8
112,128
112,256
113,0
114,0
116,0
120,0
128,7
128,11
128,13
128,14
128,19
128,21
128,22
128,25
128,26
128,28
128,35
128,37
128,38
128,41
128,42
128,44
128,49
128,50
128,52
128,56
128,67
128,69
128,70
128,73
128,74
128,76
128,81
128,82
128,84
128,88
128,97
128,98
128,100
128,104
128,112
128,259
128,261
128,262
128,265
128,266
128,268
128,273
128,274
128,276
128,280
128,289
128,290
128,292
128,296
128,304
128,321
128,322
128,324
128,328
128,336
128,352
129,6
129,10
129,12
129,18
129,20
129,24
129,34
129,36
129,40
129,48
129,66
129,68
129,72
129,80
129,96
129,258
129,260
129,264
129,272
129,288
129,320
130,5
130,9
130,12
130,17
130,20
130,24
130,33
130,36
130,40
130,48
130,65
130,68
130,72
130,80
130,96
130,257
130,260
130,264
130,272
130,288
130,320
131,4
131,8
131,16
131,32
131,64
131,256
132,3
132,9
132,10
132,17
132,18
132,24
132,33
132,34
132,40
132,48
132,65
132,66
132,72
132,80
132,96
132,257
132,258
132,264
132,272
132,288
132,320
133,2
133,8
133,16
133,32
133,64
133,256
134,1
134,8
134,16
134,32
134,64
134,256
135,0
136,3
136,5
136,6
136,17
136,18
136,20
136,33
136,34
136,36
136,48
136,65
136,66
136,68
136,80
136,96
136,257
136,258
136,260
136,272
136,288
136,320
137,2
137,4
137,16
137,32
137,64
137,256
138,1
138,4
138,16
138,32
138,64
138,256
139,0
140,1
140,2
140,16
140,32
140,64
140,256
141,0
142,0
144,3
144,5
144,6
144,9
144,10
144,12
144,33
144,34
144,36
144,40
144,65
144,66
144,68
144,72
144,96
144,257
144,258
144,260
144,264
144,288
144,320
145,2
145,4
145,8
145,32
145,64
145,256
146,1
146,4
146,8
146,32
146,64
146,256
147,0
148,1
148,2
148,8
148,32
148,64
148,256
149,0
150,0
152,1
152,2
152,4
152,32
152,64
152,256
153,0
154,0
156,0
160,3
160,5
160,6
160,9
160,10
160,12
160,17
160,18
160,20
160,24
160,65
160,66
160,68
160,72
160,80
160,257
160,258
160,260
160,264
160,272
160,320
161,2
161,4
161,8
161,16
161,64
161,256
162,1
162,4
162,8
162,16
162,64
162,256
163,0
164,1
164,2
164,8
164,16
164,64
164,256
165,0
166,0
168,1
168,2
168,4
168,16
168,64
168,256
169,0
170,0
172,0
176,1
176,2
176,4
176,8
176,64
176,256
177,0
178,0
180,0
184,0
192,3
192,5
192,6
192,9
192,10
192,12
192,17
192,18
192,20
192,24
192,33
192,34
192,36
192,40
192,48
192,257
192,258
192,260
192,264
192,272
192,288
193,2
193,4
193,8
193,16
193,32
193,256
194,1
194,4
194,8
194,16
194,32
194,256
195,0
196,1
196,2
196,8
196,16
196,32
196,256
197,0
198,0
200,1
200,2
200,4
200,16
200,32
200,256
201,0
202,0
204,0
208,1
208,2
208,4
208,8
208,32
208,256
209,0
210,0
212,0
216,0
224,1
224,2
224,4
224,8
224,16
224,256
225,0
226,0
228,0
232,0
240,0
256,7
256,11
256,13
256,14
256,19
256,21
256,22
256,25
256,26
256,28
256,35
256,37
256,38
256,41
256,42
256,44
256,49
256,50
256,52
256,56
256,67
256,69
256,70
256,73
256,74
256,76
256,81
256,82
256,84
256,88
256,97
256,98
256,100
256,104
256,112
256,131
256,133
256,134
256,137
256,138
256,140
256,145
256,146
256,148
256,152
256,161
256,162
256,164
256,168
256,176
256,193
256,194
256,196
256,200
256,208
256,224
257,6
257,10
257,12
257,18
257,20
257,24
257,34
257,36
257,40
257,48
257,66
257,68
257,72
257,80
257,96
257,130
257,132
257,136
257,144
257,160
257,192
258,5
258,9
258,12
258,17
258,20
258,24
258,33
258,36
258,40
258,48
258,65
258,68
258,72
258,80
258,96
258,129
258,132
258,136
258,144
258,160
258,192
259,4
259,8
259,16
259,32
259,64
259,128
260,3
260,9
260,10
260,17
260,18
260,24
260,33
260,34
260,40
260,48
260,65
260,66
260,72
260,80
260,96
260,129
260,130
260,136
260,144
260,160
260,192
261,2
261,8
261,16
261,32
261,64
261,128
262,1
262,8
262,16
262,32
262,64
262,128
263,0
264,3
264,5
264,6
264,17
264,18
264,20
264,33
264,34
264,36
264,48
264,65
264,66
264,68
264,80
264,96
264,129
264,130
264,132
264,144
264,160
264,192
265,2
265,4
265,16
265,32
265,64
265,128
266,1
266,4
266,16
266,32
266,64
266,128
267,0
268,1
268,2
268,16
268,32
268,64
268,128
269,0
270,0
272,3
272,5
272,6
272,9
272,10
272,12
272,33
272,34
272,36
272,40
272,65
272,66
272,68
272,72
272,96
272,129
272,130
272,132
272,136
272,160
272,192
273,2
273,4
273,8
273,32
273,64
273,128
274,1
274,4
274,8
274,32
274,64
274,128
275,0
276,1
276,2
276,8
276,32
276,64
276,128
277,0
278,0
280,1
280,2
280,4
280,32
280,64
280,128
281,0
282,0
284,0
288,3
288,5
288,6
288,9
288,10
288,12
288,17
288,18
288,20
288,24
288,65
288,66
288,68
288,72
288,80
288,129
288,130
288,132
288,136
288,144
288,192
289,2
289,4
289,8
289,16
289,64
289,128
290,1
290,4
290,8
290,16
290,64
290,128
291,0
292,1
292,2
292,8
292,16
292,64
292,128
293,0
294,0
296,1
296,2
296,4
296,16
296,64
296,128
297,0
298,0
300,0
304,1
304,2
304,4
304,8
304,64
304,128
305,0
306,0
308,0
312,0
320,3
320,5
320,6
320,9
320,10
320,12
320,17
320,18
320,20
320,24
320,33
320,34
320,36
320,40
320,48
320,129
320,130
320,132
320,136
320,144
320,160
321,2
321,4
321,8
321,16
321,32
321,128
322,1
322,4
322,8
322,16
322,32
322,128
323,0
324,1
324,2
324,8
324,16
324,32
324,128
325,0
326,0
328,1
328,2
328,4
328,16
328,32
328,128
329,0
330,0
332,0
336,1
336,2
336,4
336,8
336,32
336,128
337,0
338,0
340,0
344,0
352,1
352,2
352,4
352,8
352,16
352,128
353,0
354,0
356,0
360,0
368,0
384,3
384,5
384,6
384,9
384,10
384,12
384,17
384,18
384,20
384,24
384,33
384,34
384,36
384,40
384,48
384,65
384,66
384,68
384,72
384,80
384,96
385,2
385,4
385,8
385,16
385,32
385,64
386,1
386,4
386,8
386,16
386,32
386,64
387,0
388,1
388,2
388,8
388,16
388,32
388,64
389,0
390,0
392,1
392,2
392,4
392,16
392,32
392,64
393,0
394,0
396,0
400,1
400,2
400,4
400,8
400,32
400,64
401,0
402,0
404,0
408,0
416,1
416,2
416,4
416,8
416,16
416,64
417,0
418,0
420,0
424,0
432,0
448,1
448,2
448,4
448,8
448,16
448,32
449,0
450,0
452,0
456,0
464,0
480,0
