0,111
0,119
0,123
0,126
0,159
0,175
0,183
0,187
0,189
0,190
0,207
0,221
0,222
0,231
0,235
0,237
0,238
0,243
0,245
0,246
0,249
0,250
0,252
0,287
0,303
0,315
0,318
0,335
0,347
0,350
0,359
0,363
0,366
0,371
0,374
0,378
0,399
0,411
0,413
0,414
0,423
0,427
0,429
0,430
0,435
0,437
0,441
0,442
0,444
0,459
0,461
0,462
0,474
0,476
0,483
0,485
0,486
0,489
0,490
0,492
0,497
0,498
1,62
1,94
1,110
1,118
1,122
1,124
1,158
1,174
1,182
1,186
1,188
1,206
1,214
1,218
1,220
1,230
1,234
1,236
1,242
1,244
1,248
1,286
1,302
1,310
1,314
1,316
1,334
1,342
1,346
1,348
1,358
1,362
1,364
1,370
1,372
1,376
1,398
1,406
1,410
1,412
1,422
1,426
1,428
1,434
1,436
1,440
1,454
1,458
1,460
1,466
1,468
1,472
1,482
1,484
1,488
1,496
2,61
2,93
2,109
2,117
2,121
2,124
2,157
2,173
2,181
2,185
2,188
2,205
2,213
2,217
2,220
2,229
2,233
2,236
2,241
2,244
2,248
2,285
2,301
2,309
2,313
2,316
2,333
2,341
2,345
2,348
2,357
2,361
2,364
2,369
2,372
2,376
2,397
2,405
2,409
2,412
2,421
2,425
2,428
2,433
2,436
2,440
2,453
2,457
2,460
2,465
2,468
2,472
2,481
2,484
2,488
2,496
3,60
3,92
3,108
3,116
3,120
3,156
3,172
3,180
3,184
3,204
3,212
3,216
3,228
3,232
3,240
3,284
3,300
3,308
3,312
3,332
3,340
3,344
3,356
3,360
3,368
3,396
3,404
3,408
3,420
3,424
3,432
3,452
3,456
3,464
3,480
4,59
4,91
4,107
4,115
4,121
4,122
4,155
4,171
4,179
4,185
4,186
4,203
4,211
4,217
4,218
4,227
4,233
4,234
4,241
4,242
4,248
4,283
4,299
4,307
4,313
4,314
4,331
4,339
4,345
4,346
4,355
4,361
4,362
4,369
4,370
4,376
4,395
4,403
4,409
4,410
4,419
4,425
4,426
4,433
4,434
4,440
4,451
4,457
4,458
4,465
4,466
4,472
4,481
4,482
4,488
4,496
5,58
5,90
5,106
5,114
5,120
5,154
5,170
5,178
5,184
5,202
5,210
5,216
5,226
5,232
5,240
5,282
5,298
5,306
5,312
5,330
5,338
5,344
5,354
5,360
5,368
5,394
5,402
5,408
5,418
5,424
5,432
5,450
5,456
5,464
5,480
6,57
6,89
6,105
6,113
6,120
6,153
6,169
6,177
6,184
6,201
6,209
6,216
6,225
6,232
6,240
6,281
6,297
6,305
6,312
6,329
6,337
6,344
6,353
6,360
6,368
6,393
6,401
6,408
6,417
6,424
6,432
6,449
6,456
6,464
6,480
7,88
7,104
7,112
7,152
7,168
7,176
7,200
7,208
7,224
7,280
7,296
7,304
7,328
7,336
7,352
7,392
7,400
7,416
8,55
8,87
8,103
8,115
8,117
8,118
8,151
8,167
8,179
8,181
8,182
8,199
8,211
8,213
8,214
8,227
8,229
8,230
8,241
8,242
8,244
8,279
8,295
8,307
8,309
8,310
8,327
8,339
8,341
8,342
8,355
8,357
8,358
8,369
8,370
8,372
8,391
8,403
8,405
8,406
8,419
8,421
8,422
8,433
8,434
8,436
8,451
8,453
8,454
8,465
8,466
8,468
8,481
8,482
8,484
8,496
9,54
9,86
9,102
9,114
9,116
9,150
9,166
9,178
9,180
9,198
9,210
9,212
9,226
9,228
9,240
9,278
9,294
9,306
9,308
9,326
9,338
9,340
9,354
9,356
9,368
9,390
9,402
9,404
9,418
9,420
9,432
9,450
9,452
9,464
9,480
10,53
10,85
10,101
10,113
10,116
10,149
10,165
10,177
10,180
10,197
10,209
10,212
10,225
10,228
10,240
10,277
10,293
10,305
10,308
10,325
10,337
10,340
10,353
10,356
10,368
10,389
10,401
10,404
10,417
10,420
10,432
10,449
10,452
10,464
10,480
11,52
11,84
11,100
11,112
11,148
11,164
11,176
11,196
11,208
11,224
11,276
11,292
11,304
11,324
11,336
11,352
11,388
11,400
11,416
11,448
12,51
12,83
12,99
12,113
12,114
12,147
12,163
12,177
12,178
12,195
12,209
12,210
12,225
12,226
12,240
12,275
12,291
12,305
12,306
12,323
12,337
12,338
12,353
12,354
12,368
12,387
12,401
12,402
12,417
12,418
12,432
12,449
12,450
12,464
12,480
13,50
13,82
13,98
13,112
13,146
13,162
13,176
13,194
13,208
13,224
13,274
13,290
13,304
13,322
13,336
13,352
13,386
13,400
13,416
13,448
14,49
14,81
14,97
14,112
14,145
14,161
14,176
14,193
14,208
14,224
14,273
14,289
14,304
14,321
14,336
14,352
14,385
14,400
14,416
14,448
15,48
15,80
15,96
15,144
15,160
15,192
15,272
15,288
15,320
15,384
16,47
16,79
16,103
16,107
16,109
16,110
16,143
16,167
16,171
16,173
16,174
16,199
16,203
16,205
16,206
16,227
16,229
16,230
16,233
16,234
16,236
16,271
16,295
16,299
16,301
16,302
16,327
16,331
16,333
16,334
16,355
16,357
16,358
16,361
16,362
16,364
16,391
16,395
16,397
16,398
16,419
16,421
16,422
16,425
16,426
16,428
16,451
16,453
16,454
16,457
16,458
16,460
16,481
16,482
16,484
16,488
17,46
17,78
17,102
17,106
17,108
17,142
17,166
17,170
17,172
17,198
17,202
17,204
17,226
17,228
17,232
17,270
17,294
17,298
17,300
17,326
17,330
17,332
17,354
17,356
17,360
17,390
17,394
17,396
17,418
17,420
17,424
17,450
17,452
17,456
17,480
18,45
18,77
18,101
18,105
18,108
18,141
18,165
18,169
18,172
18,197
18,201
18,204
18,225
18,228
18,232
18,269
18,293
18,297
18,300
18,325
18,329
18,332
18,353
18,356
18,360
18,389
18,393
18,396
18,417
18,420
18,424
18,449
18,452
18,456
18,480
19,44
19,76
19,100
19,104
19,140
19,164
19,168
19,196
19,200
19,224
19,268
19,292
19,296
19,324
19,328
19,352
19,388
19,392
19,416
19,448
20,43
20,75
20,99
20,105
20,106
20,139
20,163
20,169
20,170
20,195
20,201
20,202
20,225
20,226
20,232
20,267
20,291
20,297
20,298
20,323
20,329
20,330
20,353
20,354
20,360
20,387
20,393
20,394
20,417
20,418
20,424
20,449
20,450
20,456
20,480
21,42
21,74
21,98
21,104
21,138
21,162
21,168
21,194
21,200
21,224
21,266
21,290
21,296
21,322
21,328
21,352
21,386
21,392
21,416
21,448
22,41
22,73
22,97
22,104
22,137
22,161
22,168
22,193
22,200
22,224
22,265
22,289
22,296
22,321
22,328
22,352
22,385
22,392
22,416
22,448
23,40
23,72
23,96
23,136
23,160
23,192
23,264
23,288
23,320
23,384
24,39
24,71
24,99
24,101
24,102
24,135
24,163
24,165
24,166
24,195
24,197
24,198
24,225
24,226
24,228
24,263
24,291
24,293
24,294
24,323
24,325
24,326
24,353
24,354
24,356
24,387
24,389
24,390
24,417
24,418
24,420
24,449
24,450
24,452
24,480
25,38
25,70
25,98
25,100
25,134
25,162
25,164
25,194
25,196
25,224
25,262
25,290
25,292
25,322
25,324
25,352
25,386
25,388
25,416
25,448
26,37
26,69
26,97
26,100
26,133
26,161
26,164
26,193
26,196
26,224
26,261
26,289
26,292
26,321
26,324
26,352
26,385
26,388
26,416
26,448
27,36
27,68
27,96
27,132
27,160
27,192
27,260
27,288
27,320
27,384
28,35
28,67
28,97
28,98
28,131
28,161
28,162
28,193
28,194
28,224
28,259
28,289
28,290
28,321
28,322
28,352
28,385
28,386
28,416
28,448
29,34
29,66
29,96
29,130
29,160
29,192
29,258
29,288
29,320
29,384
30,33
30,65
30,96
30,129
30,160
30,192
30,257
30,288
30,320
30,384
31,32
31,64
31,128
31,256
32,31
32,79
32,87
32,91
32,93
32,94
32,143
32,151
32,155
32,157
32,158
32,199
32,203
32,205
32,206
32,211
32,213
32,214
32,217
32,218
32,220
32,271
32,279
32,283
32,285
32,286
32,327
32,331
32,333
32,334
32,339
32,341
32,342
32,345
32,346
32,348
32,391
32,395
32,397
32,398
32,403
32,405
32,406
32,409
32,410
32,412
32,451
32,453
32,454
32,457
32,458
32,460
32,465
32,466
32,468
32,472
33,30
33,78
33,86
33,90
33,92
33,142
33,150
33,154
33,156
33,198
33,202
33,204
33,210
33,212
33,216
33,270
33,278
33,282
33,284
33,326
33,330
33,332
33,338
33,340
33,344
33,390
33,394
33,396
33,402
33,404
33,408
33,450
33,452
33,456
33,464
34,29
34,77
34,85
34,89
34,92
34,141
34,149
34,153
34,156
34,197
34,201
34,204
34,209
34,212
34,216
34,269
34,277
34,281
34,284
34,325
34,329
34,332
34,337
34,340
34,344
34,389
34,393
34,396
34,401
34,404
34,408
34,449
34,452
34,456
34,464
35,28
35,76
35,84
35,88
35,140
35,148
35,152
35,196
35,200
35,208
35,268
35,276
35,280
35,324
35,328
35,336
35,388
35,392
35,400
35,448
36,27
36,75
36,83
36,89
36,90
36,139
36,147
36,153
36,154
36,195
36,201
36,202
36,209
36,210
36,216
36,267
36,275
36,281
36,282
36,323
36,329
36,330
36,337
36,338
36,344
36,387
36,393
36,394
36,401
36,402
36,408
36,449
36,450
36,456
36,464
37,26
37,74
37,82
37,88
37,138
37,146
37,152
37,194
37,200
37,208
37,266
37,274
37,280
37,322
37,328
37,336
37,386
37,392
37,400
37,448
38,25
38,73
38,81
38,88
38,137
38,145
38,152
38,193
38,200
38,208
38,265
38,273
38,280
38,321
38,328
38,336
38,385
38,392
38,400
38,448
39,24
39,72
39,80
39,136
39,144
39,192
39,264
39,272
39,320
39,384
40,23
40,71
40,83
40,85
40,86
40,135
40,147
40,149
40,150
40,195
40,197
40,198
40,209
40,210
40,212
40,263
40,275
40,277
40,278
40,323
40,325
40,326
40,337
40,338
40,340
40,387
40,389
40,390
40,401
40,402
40,404
40,449
40,450
40,452
40,464
41,22
41,70
41,82
41,84
41,134
41,146
41,148
41,194
41,196
41,208
41,262
41,274
41,276
41,322
41,324
41,336
41,386
41,388
41,400
41,448
42,21
42,69
42,81
42,84
42,133
42,145
42,148
42,193
42,196
42,208
42,261
42,273
42,276
42,321
42,324
42,336
42,385
42,388
42,400
42,448
43,20
43,68
43,80
43,132
43,144
43,192
43,260
43,272
43,320
43,384
44,19
44,67
44,81
44,82
44,131
44,145
44,146
44,193
44,194
44,208
44,259
44,273
44,274
44,321
44,322
44,336
44,385
44,386
44,400
44,448
45,18
45,66
45,80
45,130
45,144
45,192
45,258
45,272
45,320
45,384
46,17
46,65
46,80
46,129
46,144
46,192
46,257
46,272
46,320
46,384
47,16
47,64
47,128
47,256
48,15
48,71
48,75
48,77
48,78
48,135
48,139
48,141
48,142
48,195
48,197
48,198
48,201
48,202
48,204
48,263
48,267
48,269
48,270
48,323
48,325
48,326
48,329
48,330
48,332
48,387
48,389
48,390
48,393
48,394
48,396
48,449
48,450
48,452
48,456
49,14
49,70
49,74
49,76
49,134
49,138
49,140
49,194
49,196
49,200
49,262
49,266
49,268
49,322
49,324
49,328
49,386
49,388
49,392
49,448
50,13
50,69
50,73
50,76
50,133
50,137
50,140
50,193
50,196
50,200
50,261
50,265
50,268
50,321
50,324
50,328
50,385
50,388
50,392
50,448
51,12
51,68
51,72
51,132
51,136
51,192
51,260
51,264
51,320
51,384
52,11
52,67
52,73
52,74
52,131
52,137
52,138
52,193
52,194
52,200
52,259
52,265
52,266
52,321
52,322
52,328
52,385
52,386
52,392
52,448
53,10
53,66
53,72
53,130
53,136
53,192
53,258
53,264
53,320
53,384
54,9
54,65
54,72
54,129
54,136
54,192
54,257
54,264
54,320
54,384
55,8
55,64
55,128
55,256
56,67
56,69
56,70
56,131
56,133
56,134
56,193
56,194
56,196
56,259
56,261
56,262
56,321
56,322
56,324
56,385
56,386
56,388
57,6
57,66
57,68
57,130
57,132
57,192
57,258
57,260
57,320
57,384
58,5
58,65
58,68
58,129
58,132
58,192
58,257
58,260
58,320
58,384
59,4
59,64
59,128
59,256
60,3
60,65
60,66
60,129
60,130
60,192
60,257
60,258
60,320
60,384
61,2
61,64
61,128
61,256
62,1
62,64
62,128
62,256
64,31
64,47
64,55
64,59
64,61
64,62
64,143
64,151
64,155
64,157
64,158
64,167
64,171
64,173
64,174
64,179
64,181
64,182
64,185
64,186
64,188
64,271
64,279
64,283
64,285
64,286
64,295
64,299
64,301
64,302
64,307
64,309
64,310
64,313
64,314
64,316
64,391
64,395
64,397
64,398
64,403
64,405
64,406
64,409
64,410
64,412
64,419
64,421
64,422
64,425
64,426
64,428
64,433
64,434
64,436
64,440
65,30
65,46
65,54
65,58
65,60
65,142
65,150
65,154
65,156
65,166
65,170
65,172
65,178
65,180
65,184
65,270
65,278
65,282
65,284
65,294
65,298
65,300
65,306
65,308
65,312
65,390
65,394
65,396
65,402
65,404
65,408
65,418
65,420
65,424
65,432
66,29
66,45
66,53
66,57
66,60
66,141
66,149
66,153
66,156
66,165
66,169
66,172
66,177
66,180
66,184
66,269
66,277
66,281
66,284
66,293
66,297
66,300
66,305
66,308
66,312
66,389
66,393
66,396
66,401
66,404
66,408
66,417
66,420
66,424
66,432
67,28
67,44
67,52
67,56
67,140
67,148
67,152
67,164
67,168
67,176
67,268
67,276
67,280
67,292
67,296
67,304
67,388
67,392
67,400
67,416
68,27
68,43
68,51
68,57
68,58
68,139
68,147
68,153
68,154
68,163
68,169
68,170
68,177
68,178
68,184
68,267
68,275
68,281
68,282
68,291
68,297
68,298
68,305
68,306
68,312
68,387
68,393
68,394
68,401
68,402
68,408
68,417
68,418
68,424
68,432
69,26
69,42
69,50
69,56
69,138
69,146
69,152
69,162
69,168
69,176
69,266
69,274
69,280
69,290
69,296
69,304
69,386
69,392
69,400
69,416
70,25
70,41
70,49
70,56
70,137
70,145
70,152
70,161
70,168
70,176
70,265
70,273
70,280
70,289
70,296
70,304
70,385
70,392
70,400
70,416
71,24
71,40
71,48
71,136
71,144
71,160
71,264
71,272
71,288
71,384
72,23
72,39
72,51
72,53
72,54
72,135
72,147
72,149
72,150
72,163
72,165
72,166
72,177
72,178
72,180
72,263
72,275
72,277
72,278
72,291
72,293
72,294
72,305
72,306
72,308
72,387
72,389
72,390
72,401
72,402
72,404
72,417
72,418
72,420
72,432
73,22
73,38
73,50
73,52
73,134
73,148
73,162
73,164
73,176
73,262
73,274
73,276
73,290
73,304
73,386
73,388
73,400
73,416
74,21
74,37
74,49
74,52
74,133
74,145
74,148
74,161
74,164
74,176
74,261
74,273
74,276
74,289
74,292
74,304
74,385
74,388
74,400
74,416
75,20
75,36
75,48
75,132
75,144
75,160
75,260
75,272
75,288
75,384
76,19
76,35
76,49
76,50
76,131
76,145
76,146
76,161
76,162
76,176
76,259
76,273
76,274
76,289
76,290
76,304
76,385
76,386
76,400
76,416
77,18
77,34
77,48
77,130
77,144
77,160
77,258
77,272
77,288
77,384
78,17
78,33
78,48
78,129
78,144
78,160
78,257
78,272
78,288
78,384
79,16
79,32
79,128
79,256
80,15
80,39
80,43
80,45
80,46
80,135
80,139
80,141
80,142
80,163
80,165
80,166
80,169
80,170
80,172
80,263
80,267
80,269
80,270
80,291
80,293
80,294
80,297
80,298
80,300
80,387
80,389
80,390
80,393
80,394
80,396
80,417
80,418
80,420
80,424
81,14
81,38
81,42
81,44
81,134
81,138
81,140
81,162
81,164
81,168
81,262
81,266
81,268
81,290
81,292
81,296
81,386
81,388
81,392
81,416
82,13
82,37
82,41
82,44
82,133
82,137
82,140
82,161
82,164
82,168
82,261
82,265
82,268
82,289
82,292
82,296
82,385
82,388
82,392
82,416
83,12
83,36
83,40
83,132
83,136
83,160
83,260
83,264
83,288
83,384
84,11
84,35
84,41
84,42
84,131
84,137
84,138
84,161
84,162
84,168
84,259
84,265
84,266
84,289
84,290
84,296
84,385
84,386
84,392
84,416
85,10
85,34
85,40
85,130
85,136
85,160
85,258
85,264
85,288
85,384
86,9
86,33
86,40
86,129
86,136
86,160
86,257
86,264
86,288
86,384
87,8
87,32
87,128
87,256
88,7
88,35
88,37
88,38
88,131
88,133
88,134
88,161
88,162
88,164
88,259
88,261
88,262
88,289
88,290
88,292
88,385
88,386
88,388
88,416
89,6
89,34
89,36
89,130
89,132
89,160
89,258
89,260
89,288
89,384
90,5
90,33
90,36
90,129
90,132
90,160
90,257
90,260
90,288
90,384
91,4
91,32
91,128
91,256
92,3
92,33
92,34
92,129
92,130
92,160
92,257
92,258
92,288
92,384
93,2
93,32
93,128
93,256
94,1
94,32
94,128
94,256
96,15
96,23
96,27
96,29
96,30
96,135
96,139
96,141
96,142
96,147
96,149
96,150
96,153
96,154
96,156
96,263
96,267
96,269
96,270
96,275
96,277
96,278
96,281
96,282
96,284
96,387
96,389
96,390
96,393
96,394
96,396
96,401
96,402
96,404
96,408
97,14
97,22
97,26
97,28
97,134
97,138
97,140
97,146
97,148
97,152
97,262
97,266
97,268
97,274
97,276
97,280
97,386
97,388
97,392
97,400
98,13
98,21
98,25
98,28
98,133
98,137
98,140
98,145
98,148
98,152
98,261
98,265
98,268
98,273
98,276
98,280
98,385
98,388
98,392
98,400
99,12
99,20
99,24
99,132
99,136
99,144
99,260
99,264
99,272
99,384
100,11
100,19
100,25
100,26
100,131
100,137
100,138
100,145
100,146
100,152
100,259
100,265
100,266
100,273
100,274
100,280
100,385
100,386
100,392
100,400
101,10
101,18
101,24
101,130
101,136
101,144
101,258
101,264
101,272
101,384
102,9
102,17
102,24
102,129
102,136
102,144
102,257
102,264
102,272
102,384
103,8
103,16
103,128
103,256
104,7
104,19
104,21
104,22
104,131
104,133
104,134
104,145
104,146
104,148
104,259
104,261
104,262
104,273
104,274
104,276
104,385
104,386
104,388
104,400
105,6
105,18
105,20
105,130
105,132
105,144
105,258
105,260
105,272
105,384
106,5
106,17
106,20
106,129
106,132
106,144
106,257
106,260
106,272
106,384
107,4
107,16
107,128
107,256
108,3
108,17
108,18
108,129
108,130
108,144
108,257
108,258
108,272
108,384
109,2
109,16
109,128
109,256
110,1
110,16
110,128
110,256
111,0
112,7
112,11
112,13
112,14
112,131
112,133
112,134
112,137
112,138
112,140
112,259
112,261
112,262
112,265
112,266
112,268
112,385
112,386
112,388
112,392
113,6
113,10
113,12
113,130
113,132
113,136
113,258
113,260
113,264
113,384
114,5
114,9
114,12
114,129
114,132
114,136
114,257
114,260
114,264
114,384
115,4
115,8
115,128
115,256
116,3
116,9
116,10
116,129
116,130
116,136
116,257
116,258
116,264
116,384
117,2
117,8
117,128
117,256
118,1
118,8
118,128
118,256
119,0
120,3
120,5
120,6
120,129
120,130
120,132
120,257
120,258
120,260
120,384
121,2
121,4
121,128
121,256
122,1
122,4
122,128
122,256
123,0
124,1
124,2
124,128
124,256
126,0
128,31
128,47
128,55
128,59
128,61
128,62
128,79
128,87
128,91
128,93
128,94
128,103
128,107
128,109
128,110
128,115
128,117
128,118
128,121
128,122
128,124
128,271
128,279
128,283
128,285
128,286
128,295
128,299
128,301
128,302
128,307
128,309
128,310
128,313
128,314
128,316
128,327
128,331
128,333
128,334
128,339
128,341
128,342
128,345
128,346
128,348
128,355
128,357
128,358
128,361
128,362
128,364
128,369
128,370
128,372
128,376
129,30
129,46
129,54
129,58
129,60
129,78
129,86
129,90
129,92
129,102
129,106
129,108
129,114
129,116
129,120
129,270
129,278
129,282
129,284
129,294
129,298
129,300
129,306
129,308
129,312
129,326
129,330
129,332
129,338
129,340
129,344
129,354
129,356
129,360
129,368
130,29
130,45
130,53
130,57
130,60
130,77
130,85
130,89
130,92
130,101
130,105
130,108
130,113
130,116
130,120
130,269
130,277
130,281
130,284
130,293
130,297
130,300
130,305
130,308
130,312
130,325
130,329
130,332
130,337
130,340
130,344
130,353
130,356
130,360
130,368
131,28
131,44
131,52
131,56
131,76
131,84
131,88
131,100
131,104
131,112
131,268
131,276
131,280
131,292
131,296
131,304
131,324
131,328
131,336
131,352
132,27
132,43
132,51
132,57
132,58
132,75
132,83
132,89
132,90
132,99
132,105
132,106
132,113
132,114
132,120
132,267
132,275
132,281
132,282
132,291
132,297
132,298
132,305
132,306
132,312
132,323
132,329
132,330
132,337
132,338
132,344
132,353
132,354
132,360
132,368
133,26
133,42
133,50
133,56
133,74
133,82
133,88
133,98
133,104
133,112
133,266
133,274
133,280
133,290
133,296
133,304
133,322
133,328
133,336
133,352
134,25
134,41
134,49
134,56
134,73
134,81
134,88
134,97
134,104
134,112
134,265
134,273
134,280
134,289
134,296
134,304
134,321
134,328
134,336
134,352
135,24
135,40
135,48
135,72
135,80
135,96
135,264
135,272
135,288
135,320
136,23
136,39
136,51
136,53
136,54
136,71
136,83
136,85
136,86
136,99
136,101
136,102
136,113
136,114
136,116
136,263
136,275
136,277
136,278
136,291
136,293
136,294
136,305
136,306
136,308
136,323
136,325
136,326
136,337
136,338
136,340
136,353
136,354
136,356
136,368
137,22
137,38
137,50
137,52
137,70
137,82
137,84
137,98
137,100
137,112
137,262
137,274
137,276
137,290
137,292
137,304
137,322
137,324
137,336
137,352
138,21
138,37
138,49
138,52
138,69
138,81
138,84
138,97
138,100
138,112
138,261
138,273
138,276
138,289
138,292
138,304
138,321
138,324
138,336
138,352
139,20
139,36
139,48
139,68
139,80
139,96
139,260
139,272
139,288
139,320
140,19
140,35
140,49
140,50
140,67
140,81
140,82
140,97
140,98
140,112
140,259
140,273
140,274
140,289
140,290
140,304
140,321
140,322
140,336
140,352
141,18
141,34
141,48
141,66
141,80
141,96
141,258
141,272
141,288
141,320
142,17
142,33
142,48
142,65
142,80
142,96
142,257
142,272
142,288
142,320
143,16
143,32
143,64
143,256
144,15
144,39
144,43
144,45
144,46
144,71
144,75
144,77
144,78
144,99
144,101
144,102
144,105
144,106
144,108
144,263
144,267
144,269
144,270
144,291
144,293
144,294
144,297
144,298
144,300
144,323
144,325
144,326
144,329
144,330
144,332
144,353
144,354
144,356
144,360
145,14
145,38
145,42
145,44
145,70
145,74
145,76
145,98
145,100
145,104
145,262
145,266
145,268
145,290
145,292
145,296
145,322
145,324
145,328
145,352
146,13
146,37
146,41
146,44
146,69
146,76
146,97
146,100
146,104
146,261
146,265
146,268
146,289
146,296
146,321
146,324
146,328
146,352
147,12
147,36
147,40
147,68
147,72
147,96
147,260
147,264
147,288
147,320
148,11
148,35
148,41
148,42
148,67
148,73
148,74
148,97
148,98
148,104
148,259
148,265
148,266
148,289
148,290
148,296
148,321
148,322
148,328
148,352
149,10
149,34
149,40
149,66
149,72
149,96
149,258
149,264
149,288
149,320
150,9
150,33
150,40
150,65
150,72
150,96
150,257
150,264
150,288
150,320
151,8
151,32
151,64
151,256
152,7
152,35
152,37
152,38
152,67
152,69
152,70
152,97
152,98
152,100
152,259
152,261
152,262
152,289
152,290
152,292
152,321
152,322
152,324
152,352
153,6
153,34
153,36
153,66
153,68
153,96
153,258
153,260
153,288
153,320
154,5
154,33
154,36
154,65
154,68
154,96
154,257
154,260
154,288
154,320
155,4
155,32
155,64
155,256
156,3
156,33
156,34
156,65
156,66
156,96
156,257
156,258
156,288
156,320
157,2
157,32
157,64
157,256
158,1
158,32
158,64
158,256
159,0
160,15
160,23
160,27
160,29
160,30
160,71
160,75
160,77
160,78
160,83
160,85
160,86
160,89
160,90
160,92
160,263
160,267
160,269
160,270
160,275
160,277
160,278
160,281
160,282
160,284
160,323
160,325
160,326
160,329
160,330
160,332
160,337
160,338
160,340
160,344
161,14
161,22
161,26
161,28
161,70
161,74
161,76
161,82
161,84
161,88
161,262
161,266
161,268
161,274
161,276
161,280
161,322
161,324
161,328
161,336
162,13
162,21
162,25
162,28
162,69
162,73
162,76
162,81
162,84
162,88
162,261
162,265
162,268
162,273
162,276
162,280
162,321
162,324
162,328
162,336
163,12
163,20
163,24
163,68
163,72
163,80
163,260
163,264
163,272
163,320
164,11
164,19
164,25
164,26
164,67
164,73
164,74
164,81
164,82
164,88
164,259
164,265
164,266
164,273
164,274
164,280
164,321
164,322
164,328
164,336
165,10
165,18
165,24
165,66
165,72
165,80
165,258
165,264
165,272
165,320
166,9
166,17
166,24
166,65
166,72
166,80
166,257
166,264
166,272
166,320
167,8
167,16
167,64
167,256
168,7
168,19
168,21
168,22
168,67
168,69
168,70
168,81
168,82
168,84
168,259
168,261
168,262
168,273
168,274
168,276
168,321
168,322
168,324
168,336
169,6
169,18
169,20
169,66
169,68
169,80
169,258
169,260
169,272
169,320
170,5
170,17
170,20
170,65
170,68
170,80
170,257
170,260
170,272
170,320
171,4
171,16
171,64
171,256
172,3
172,17
172,18
172,65
172,66
172,80
172,257
172,258
172,272
172,320
173,2
173,16
173,64
173,256
174,1
174,16
174,64
174,256
175,0
176,7
176,11
176,13
176,14
176,67
176,69
176,70
176,73
176,74
176,76
176,259
176,261
176,262
176,265
176,266
176,268
176,321
176,322
176,324
176,328
177,6
177,10
177,12
177,66
177,68
177,72
177,258
177,260
177,264
177,320
178,5
178,9
178,12
178,65
178,68
178,72
178,257
178,260
178,264
178,320
179,4
179,8
179,64
179,256
180,3
180,9
180,10
180,65
180,66
180,72
180,257
180,258
180,264
180,320
181,2
181,8
181,64
181,256
182,1
182,8
182,64
182,256
183,0
184,3
184,5
184,6
184,65
184,66
184,68
184,257
184,258
184,260
184,320
185,2
185,4
185,64
185,256
186,1
186,4
186,64
186,256
187,0
188,1
188,2
188,64
188,256
189,0
190,0
192,15
192,23
192,27
192,29
192,30
192,39
192,43
192,45
192,46
192,51
192,53
192,54
192,57
192,58
192,60
192,263
192,267
192,269
192,270
192,275
192,277
192,278
192,281
192,282
192,284
192,291
192,293
192,294
192,297
192,298
192,300
192,305
192,306
192,308
192,312
193,14
193,22
193,26
193,28
193,38
193,42
193,44
193,50
193,52
193,56
193,262
193,266
193,268
193,274
193,276
193,280
193,290
193,292
193,296
193,304
194,13
194,21
194,25
194,28
194,37
194,41
194,44
194,49
194,52
194,56
194,261
194,265
194,268
194,273
194,276
194,280
194,289
194,292
194,296
194,304
195,12
195,20
195,24
195,36
195,40
195,48
195,260
195,264
195,272
195,288
196,11
196,19
196,25
196,26
196,35
196,41
196,42
196,49
196,50
196,56
196,259
196,265
196,266
196,273
196,274
196,280
196,289
196,290
196,296
196,304
197,10
197,18
197,24
197,34
197,40
197,48
197,258
197,264
197,272
197,288
198,9
198,17
198,24
198,33
198,40
198,48
198,257
198,264
198,272
198,288
199,8
199,16
199,32
199,256
200,7
200,19
200,21
200,22
200,35
200,37
200,38
200,49
200,50
200,52
200,259
200,261
200,262
200,273
200,274
200,276
200,289
200,290
200,292
200,304
201,6
201,18
201,20
201,34
201,36
201,48
201,258
201,260
201,272
201,288
202,5
202,17
202,20
202,33
202,36
202,48
202,257
202,260
202,272
202,288
203,4
203,16
203,32
203,256
204,3
204,17
204,18
204,33
204,34
204,48
204,257
204,258
204,272
204,288
205,2
205,16
205,32
205,256
206,1
206,16
206,32
206,256
207,0
208,7
208,11
208,13
208,14
208,35
208,37
208,38
208,41
208,42
208,44
208,259
208,261
208,262
208,265
208,266
208,268
208,289
208,290
208,292
208,296
209,6
209,10
209,12
209,34
209,36
209,40
209,258
209,260
209,264
209,288
210,5
210,9
210,12
210,33
210,36
210,40
210,257
210,260
210,264
210,288
211,4
211,8
211,32
211,256
212,3
212,9
212,10
212,33
212,34
212,40
212,257
212,258
212,264
212,288
213,2
213,8
213,32
213,256
214,1
214,8
214,32
214,256
216,3
216,5
216,6
216,33
216,34
216,36
216,257
216,258
216,260
216,288
217,2
217,4
217,32
217,256
218,1
218,4
218,32
218,256
220,1
220,2
220,32
220,256
221,0
222,0
224,7
224,11
224,13
224,14
224,19
224,21
224,22
224,25
224,26
224,28
224,259
224,261
224,262
224,265
224,266
224,268
224,273
224,274
224,276
224,280
225,6
225,10
225,12
225,18
225,20
225,24
225,258
225,260
225,264
225,272
226,5
226,9
226,12
226,17
226,20
226,24
226,257
226,260
226,264
226,272
227,4
227,8
227,16
227,256
228,3
228,9
228,10
228,17
228,18
228,24
228,257
228,258
228,264
228,272
229,2
229,8
229,16
229,256
230,1
230,8
230,16
230,256
231,0
232,3
232,5
232,6
232,17
232,18
232,20
232,257
232,258
232,260
232,272
233,2
233,4
233,16
233,256
234,1
234,4
234,16
234,256
235,0
236,1
236,2
236,16
236,256
237,0
238,0
240,3
240,5
240,6
240,9
240,10
240,12
240,257
240,258
240,260
240,264
241,2
241,4
241,8
241,256
242,1
242,4
242,8
242,256
243,0
244,1
244,2
244,8
244,256
245,0
246,0
248,1
248,2
248,4
248,256
249,0
250,0
252,0
256,31
256,47
256,55
256,59
256,61
256,62
256,79
256,87
256,91
256,93
256,94
256,103
256,107
256,109
256,110
256,115
256,117
256,118
256,121
256,122
256,124
256,143
256,151
256,155
256,157
256,158
256,167
256,171
256,173
256,174
256,179
256,181
256,182
256,185
256,186
256,188
256,199
256,203
256,205
256,206
256,211
256,213
256,214
256,217
256,218
256,220
256,227
256,229
256,230
256,233
256,234
256,236
256,241
256,242
256,244
256,248
257,30
257,46
257,54
257,58
257,60
257,78
257,86
257,90
257,92
257,102
257,106
257,108
257,114
257,116
257,120
257,142
257,150
257,154
257,156
257,166
257,170
257,172
257,178
257,180
257,184
257,198
257,202
257,204
257,210
257,212
257,216
257,226
257,228
257,232
257,240
258,29
258,45
258,53
258,57
258,60
258,77
258,85
258,89
258,92
258,101
258,105
258,108
258,113
258,116
258,120
258,141
258,149
258,153
258,156
258,165
258,169
258,172
258,177
258,180
258,184
258,197
258,201
258,204
258,209
258,212
258,216
258,225
258,228
258,232
258,240
259,28
259,44
259,52
259,56
259,76
259,84
259,88
259,100
259,104
259,112
259,140
259,148
259,152
259,164
259,168
259,176
259,196
259,200
259,208
259,224
260,27
260,43
260,51
260,57
260,58
260,75
260,83
260,89
260,90
260,99
260,105
260,106
260,113
260,114
260,120
260,139
260,147
260,153
260,154
260,163
260,169
260,170
260,177
260,178
260,184
260,195
260,201
260,202
260,209
260,210
260,216
260,225
260,226
260,232
260,240
261,26
261,42
261,50
261,56
261,74
261,82
261,88
261,98
261,104
261,112
261,138
261,146
261,152
261,162
261,168
261,176
261,194
261,200
261,208
261,224
262,25
262,41
262,49
262,56
262,73
262,81
262,88
262,97
262,104
262,112
262,137
262,145
262,152
262,161
262,168
262,176
262,193
262,200
262,208
262,224
263,24
263,40
263,48
263,72
263,80
263,96
263,136
263,144
263,160
263,192
264,23
264,39
264,51
264,53
264,54
264,71
264,83
264,85
264,86
264,99
264,101
264,102
264,113
264,114
264,116
264,135
264,147
264,149
264,150
264,163
264,165
264,166
264,177
264,178
264,180
264,195
264,197
264,198
264,209
264,210
264,212
264,225
264,226
264,228
264,240
265,22
265,38
265,50
265,52
265,70
265,82
265,84
265,98
265,100
265,112
265,134
265,146
265,148
265,162
265,164
265,176
265,194
265,196
265,208
265,224
266,21
266,37
266,49
266,52
266,69
266,81
266,84
266,97
266,100
266,112
266,133
266,145
266,148
266,161
266,164
266,176
266,193
266,196
266,208
266,224
267,20
267,36
267,48
267,68
267,80
267,96
267,132
267,144
267,160
267,192
268,19
268,35
268,49
268,50
268,67
268,81
268,82
268,97
268,98
268,112
268,131
268,145
268,146
268,161
268,162
268,176
268,193
268,194
268,208
268,224
269,18
269,34
269,48
269,66
269,80
269,96
269,130
269,144
269,160
269,192
270,17
270,33
270,48
270,65
270,80
270,96
270,129
270,144
270,160
270,192
271,16
271,32
271,64
271,128
272,15
272,39
272,43
272,45
272,46
272,71
272,75
272,77
272,78
272,99
272,101
272,102
272,105
272,106
272,108
272,135
272,139
272,141
272,142
272,163
272,165
272,166
272,169
272,170
272,172
272,195
272,197
272,198
272,201
272,202
272,204
272,225
272,226
272,228
272,232
273,14
273,38
273,42
273,44
273,70
273,74
273,76
273,98
273,100
273,104
273,134
273,138
273,140
273,162
273,164
273,168
273,194
273,196
273,200
273,224
274,13
274,37
274,41
274,44
274,69
274,73
274,76
274,97
274,100
274,104
274,133
274,137
274,140
274,161
274,164
274,168
274,193
274,196
274,200
274,224
275,12
275,36
275,40
275,68
275,72
275,96
275,132
275,136
275,160
275,192
276,11
276,35
276,41
276,42
276,67
276,73
276,74
276,97
276,98
276,104
276,131
276,137
276,138
276,161
276,162
276,168
276,193
276,194
276,200
276,224
277,10
277,34
277,40
277,66
277,72
277,96
277,130
277,136
277,160
277,192
278,9
278,33
278,40
278,65
278,72
278,96
278,129
278,136
278,160
278,192
279,8
279,32
279,64
279,128
280,7
280,35
280,37
280,38
280,67
280,69
280,70
280,97
280,98
280,100
280,131
280,133
280,134
280,161
280,162
280,164
280,193
280,194
280,196
280,224
281,6
281,34
281,36
281,66
281,68
281,96
281,130
281,132
281,160
281,192
282,5
282,33
282,36
282,65
282,68
282,96
282,129
282,132
282,160
282,192
283,4
283,32
283,64
283,128
284,3
284,33
284,34
284,65
284,66
284,96
284,129
284,130
284,160
284,192
285,2
285,32
285,64
285,128
286,1
286,32
286,64
286,128
287,0
288,15
288,23
288,27
288,29
288,30
288,71
288,75
288,77
288,78
288,83
288,85
288,86
288,89
288,90
288,92
288,135
288,139
288,141
288,142
288,147
288,149
288,150
288,153
288,154
288,156
288,195
288,197
288,198
288,201
288,202
288,204
288,209
288,210
288,212
288,216
289,14
289,22
289,26
289,28
289,70
289,74
289,76
289,82
289,84
289,88
289,134
289,138
289,140
289,146
289,148
289,152
289,194
289,196
289,200
289,208
290,13
290,21
290,25
290,28
290,69
290,73
290,76
290,81
290,84
290,88
290,133
290,137
290,140
290,145
290,148
290,152
290,193
290,196
290,200
290,208
291,12
291,20
291,24
291,68
291,72
291,80
291,132
291,136
291,144
291,192
292,11
292,19
292,25
292,26
292,67
292,74
292,81
292,82
292,88
292,131
292,137
292,138
292,145
292,152
292,193
292,194
292,200
292,208
293,10
293,18
293,24
293,66
293,72
293,80
293,130
293,136
293,144
293,192
294,9
294,17
294,24
294,65
294,72
294,80
294,129
294,136
294,144
294,192
295,8
295,16
295,64
295,128
296,7
296,19
296,21
296,22
296,67
296,69
296,70
296,81
296,82
296,84
296,131
296,133
296,134
296,145
296,146
296,148
296,193
296,194
296,196
296,208
297,6
297,18
297,20
297,66
297,68
297,80
297,130
297,132
297,144
297,192
298,5
298,17
298,20
298,65
298,68
298,80
298,129
298,132
298,144
298,192
299,4
299,16
299,64
299,128
300,3
300,17
300,18
300,65
300,66
300,80
300,129
300,130
300,144
300,192
301,2
301,16
301,64
301,128
302,1
302,16
302,64
302,128
303,0
304,7
304,11
304,13
304,14
304,67
304,69
304,70
304,73
304,74
304,76
304,131
304,133
304,134
304,137
304,138
304,140
304,193
304,194
304,196
304,200
305,6
305,10
305,12
305,66
305,68
305,72
305,130
305,132
305,136
305,192
306,5
306,9
306,12
306,65
306,68
306,72
306,129
306,132
306,136
306,192
307,4
307,8
307,64
307,128
308,3
308,9
308,10
308,65
308,66
308,72
308,129
308,130
308,136
308,192
309,2
309,8
309,64
309,128
310,1
310,8
310,64
310,128
312,3
312,5
312,6
312,65
312,66
312,68
312,129
312,130
312,132
312,192
313,2
313,4
313,64
313,128
314,1
314,4
314,64
314,128
315,0
316,1
316,2
316,64
316,128
318,0
320,15
320,23
320,27
320,29
320,30
320,39
320,43
320,45
320,46
320,51
320,53
320,54
320,57
320,58
320,60
320,135
320,139
320,141
320,142
320,147
320,149
320,150
320,153
320,154
320,156
320,163
320,165
320,166
320,169
320,170
320,172
320,177
320,178
320,180
320,184
321,14
321,22
321,26
321,28
321,38
321,42
321,44
321,50
321,52
321,56
321,134
321,138
321,140
321,146
321,148
321,152
321,162
321,164
321,168
321,176
322,13
322,21
322,25
322,28
322,37
322,41
322,44
322,49
322,52
322,56
322,133
322,137
322,140
322,145
322,148
322,152
322,161
322,164
322,168
322,176
323,12
323,20
323,24
323,36
323,40
323,48
323,132
323,136
323,144
323,160
324,11
324,19
324,25
324,26
324,35
324,41
324,42
324,49
324,50
324,56
324,131
324,137
324,138
324,145
324,146
324,152
324,161
324,162
324,168
324,176
325,10
325,18
325,24
325,34
325,40
325,48
325,130
325,136
325,144
325,160
326,9
326,17
326,24
326,33
326,40
326,48
326,129
326,136
326,144
326,160
327,8
327,16
327,32
327,128
328,7
328,19
328,21
328,22
328,35
328,37
328,38
328,49
328,50
328,52
328,131
328,133
328,134
328,145
328,146
328,148
328,161
328,162
328,164
328,176
329,6
329,18
329,20
329,34
329,36
329,48
329,130
329,132
329,144
329,160
330,5
330,17
330,20
330,33
330,36
330,48
330,129
330,132
330,144
330,160
331,4
331,16
331,32
331,128
332,3
332,17
332,18
332,33
332,34
332,48
332,129
332,130
332,144
332,160
333,2
333,16
333,32
333,128
334,1
334,16
334,32
334,128
335,0
336,7
336,11
336,13
336,14
336,35
336,37
336,38
336,41
336,42
336,44
336,131
336,133
336,134
336,137
336,138
336,140
336,161
336,162
336,164
336,168
337,6
337,10
337,12
337,34
337,36
337,40
337,130
337,132
337,136
337,160
338,5
338,9
338,12
338,33
338,36
338,40
338,129
338,132
338,136
338,160
339,4
339,8
339,32
339,128
340,3
340,9
340,10
340,33
340,34
340,40
340,129
340,130
340,136
340,160
341,2
341,8
341,32
341,128
342,1
342,8
342,32
342,128
344,3
344,5
344,6
344,33
344,34
344,36
344,129
344,130
344,132
344,160
345,2
345,4
345,32
345,128
346,1
346,4
346,32
346,128
347,0
348,1
348,2
348,32
348,128
350,0
352,7
352,11
352,13
352,14
352,19
352,21
352,22
352,25
352,26
352,28
352,131
352,133
352,134
352,137
352,138
352,140
352,145
352,146
352,148
352,152
353,6
353,10
353,12
353,18
353,20
353,24
353,130
353,132
353,136
353,144
354,5
354,9
354,12
354,17
354,20
354,24
354,129
354,132
354,136
354,144
355,4
355,8
355,16
355,128
356,3
356,9
356,10
356,17
356,18
356,24
356,129
356,130
356,136
356,144
357,2
357,8
357,16
357,128
358,1
358,8
358,16
358,128
359,0
360,3
360,5
360,6
360,17
360,18
360,20
360,129
360,130
360,132
360,144
361,2
361,4
361,16
361,128
362,1
362,4
362,16
362,128
363,0
364,1
364,2
364,16
364,128
366,0
368,3
368,5
368,6
368,9
368,10
368,12
368,129
368,130
368,132
368,136
369,2
369,4
369,8
369,128
370,1
370,4
370,8
370,128
371,0
372,1
372,2
372,8
372,128
374,0
376,1
376,2
376,4
376,128
378,0
384,15
384,23
384,27
384,29
384,30
384,39
384,43
384,45
384,46
384,51
384,53
384,54
384,57
384,58
384,60
384,71
384,75
384,77
384,78
384,83
384,85
384,86
384,89
384,90
384,92
384,99
384,101
384,102
384,105
384,106
384,108
384,113
384,114
384,116
384,120
385,14
385,22
385,26
385,28
385,38
385,42
385,44
385,50
385,52
385,56
385,70
385,74
385,76
385,82
385,84
385,88
385,98
385,100
385,104
385,112
386,13
386,21
386,25
386,28
386,37
386,41
386,44
386,49
386,52
386,56
386,69
386,73
386,76
386,81
386,84
386,88
386,97
386,100
386,104
386,112
387,12
387,20
387,24
387,36
387,40
387,48
387,68
387,72
387,80
387,96
388,11
388,19
388,25
388,26
388,35
388,41
388,42
388,49
388,50
388,56
388,67
388,73
388,74
388,81
388,82
388,88
388,97
388,98
388,104
388,112
389,10
389,18
389,24
389,34
389,40
389,48
389,66
389,72
389,80
389,96
390,9
390,17
390,24
390,33
390,40
390,48
390,65
390,72
390,80
390,96
391,8
391,16
391,32
391,64
392,7
392,19
392,21
392,22
392,35
392,37
392,38
392,49
392,50
392,52
392,67
392,69
392,70
392,81
392,82
392,84
392,97
392,98
392,100
392,112
393,6
393,18
393,20
393,34
393,36
393,48
393,66
393,68
393,80
393,96
394,5
394,17
394,20
394,33
394,36
394,48
394,65
394,68
394,80
394,96
395,4
395,16
395,32
395,64
396,3
396,17
396,18
396,33
396,34
396,48
396,65
396,66
396,80
396,96
397,2
397,16
397,32
397,64
398,1
398,16
398,32
398,64
399,0
400,7
400,11
400,13
400,14
400,35
400,37
400,38
400,41
400,42
400,44
400,67
400,69
400,70
400,73
400,74
400,76
400,97
400,98
400,100
400,104
401,6
401,10
401,12
401,34
401,36
401,40
401,66
401,68
401,72
401,96
402,5
402,9
402,12
402,33
402,36
402,40
402,65
402,68
402,72
402,96
403,4
403,8
403,32
403,64
404,3
404,9
404,10
404,33
404,34
404,40
404,65
404,66
404,72
404,96
405,2
405,8
405,32
405,64
406,1
406,8
406,32
406,64
408,3
408,5
408,6
408,33
408,34
408,36
408,65
408,66
408,68
408,96
409,2
409,4
409,32
409,64
410,1
410,4
410,32
410,64
411,0
412,1
412,2
412,32
412,64
413,0
414,0
416,7
416,11
416,13
416,14
416,19
416,21
416,22
416,25
416,26
416,28
416,67
416,69
416,70
416,73
416,74
416,76
416,81
416,82
416,84
416,88
417,6
417,10
417,12
417,18
417,20
417,24
417,66
417,68
417,72
417,80
418,5
418,9
418,12
418,17
418,20
418,24
418,65
418,68
418,72
418,80
419,4
419,8
419,16
419,64
420,3
420,9
420,10
420,17
420,18
420,24
420,65
420,66
420,72
420,80
421,2
421,8
421,16
421,64
422,1
422,8
422,16
422,64
423,0
424,3
424,5
424,6
424,17
424,18
424,20
424,65
424,66
424,68
424,80
425,2
425,4
425,16
425,64
426,1
426,4
426,16
426,64
427,0
428,1
428,2
428,16
428,64
429,0
430,0
432,3
432,5
432,6
432,9
432,10
432,12
432,65
432,66
432,68
432,72
433,2
433,4
433,8
433,64
434,1
434,4
434,8
434,64
435,0
436,1
436,2
436,8
436,64
437,0
440,1
440,2
440,4
440,64
441,0
442,0
444,0
448,11
448,13
448,14
448,19
448,21
448,22
448,25
448,26
448,28
448,35
448,37
448,38
448,41
448,42
448,44
448,49
448,50
448,52
449,6
449,10
449,12
449,18
449,20
449,24
449,34
449,36
449,40
449,48
450,5
450,9
450,12
450,17
450,20
450,24
450,33
450,36
450,40
450,48
451,4
451,8
451,16
451,32
452,3
452,9
452,10
452,17
452,18
452,24
452,33
452,34
452,40
452,48
453,2
453,8
453,16
453,32
454,1
454,8
454,16
454,32
456,3
456,5
456,6
456,17
456,18
456,20
456,33
456,34
456,36
456,48
457,2
457,4
457,16
457,32
458,1
458,4
458,16
458,32
459,0
460,1
460,2
460,16
460,32
461,0
462,0
464,3
464,5
464,6
464,9
464,10
464,12
464,33
464,34
464,36
464,40
465,2
465,4
465,8
465,32
466,1
466,4
466,8
466,32
468,1
468,2
468,8
468,32
472,1
472,2
472,4
472,32
474,0
476,0
480,3
480,5
480,6
480,9
480,10
480,12
480,17
480,18
480,20
480,24
481,2
481,4
481,8
481,16
482,1
482,4
482,8
482,16
483,0
484,1
484,2
484,8
484,16
485,0
486,0
488,1
488,2
488,4
488,16
489,0
490,0
492,0
496,1
496,2
496,4
496,8
497,0
498,0
