13,498
14,497
17,494
19,492
20,491
21,490
22,489
25,486
26,485
27,484
28,483
29,482
30,481
35,476
37,474
43,468
45,466
46,465
49,462
50,461
51,460
52,459
53,458
54,457
67,444
68,443
69,442
70,441
74,437
76,435
78,433
79,432
80,431
81,430
82,429
83,428
84,427
85,426
86,425
87,424
88,423
90,421
92,419
93,418
94,417
97,414
98,413
99,412
100,411
101,410
102,409
103,408
106,405
107,404
108,403
110,401
111,400
112,399
113,398
114,397
115,396
116,395
117,394
118,393
119,392
121,390
122,389
123,388
124,387
126,385
133,378
137,374
139,372
140,371
141,370
142,369
143,368
145,366
148,363
149,362
151,360
152,359
153,358
156,355
157,354
158,353
159,352
161,350
163,348
164,347
165,346
166,345
167,344
169,342
170,341
171,340
172,339
173,338
174,337
175,336
176,335
177,334
179,332
180,331
181,330
183,328
185,326
186,325
187,324
188,323
189,322
190,321
193,318
195,316
196,315
197,314
198,313
202,309
204,307
205,306
206,305
207,304
208,303
209,302
212,299
213,298
214,297
216,295
220,291
221,290
222,289
224,287
225,286
226,285
227,284
228,283
229,282
230,281
231,280
232,279
233,278
234,277
235,276
236,275
237,274
238,273
239,272
240,271
241,270
242,269
243,268
244,267
245,266
246,265
249,262
250,261
252,259
254,257
257,254
259,252
261,250
262,249
265,246
266,245
267,244
268,243
269,242
270,241
271,240
272,239
273,238
274,237
275,236
276,235
277,234
278,233
279,232
280,231
281,230
282,229
283,228
284,227
285,226
286,225
287,224
289,222
290,221
291,220
295,216
297,214
298,213
299,212
302,209
303,208
304,207
305,206
306,205
307,204
309,202
313,198
314,197
315,196
316,195
318,193
321,190
322,189
323,188
324,187
325,186
326,185
328,183
330,181
331,180
332,179
334,177
335,176
336,175
337,174
338,173
339,172
340,171
341,170
342,169
344,167
345,166
346,165
347,164
348,163
350,161
352,159
353,158
354,157
355,156
358,153
359,152
360,151
362,149
363,148
366,145
368,143
369,142
370,141
371,140
372,139
374,137
378,133
385,126
387,124
388,123
389,122
390,121
392,119
393,118
394,117
395,116
396,115
397,114
398,113
399,112
400,111
401,110
403,108
404,107
405,106
408,103
409,102
410,101
411,100
412,99
413,98
414,97
417,94
418,93
419,92
421,90
423,88
424,87
425,86
426,85
427,84
428,83
429,82
430,81
431,80
432,79
433,78
435,76
437,74
441,70
442,69
443,68
444,67
457,54
458,53
459,52
460,51
461,50
462,49
465,46
466,45
468,43
474,37
476,35
481,30
482,29
483,28
484,27
485,26
486,25
489,22
490,21
491,20
492,19
494,17
497,14
498,13
