0,31
0,47
0,55
0,59
0,61
0,62
0,79
0,87
0,91
0,93
0,94
0,103
0,107
0,109
0,110
0,115
0,117
0,118
0,121
0,122
0,124
0,143
0,151
0,155
0,157
0,158
0,167
0,171
0,173
0,174
0,179
0,181
0,182
0,185
0,186
0,188
0,199
0,203
0,205
0,206
0,211
0,213
0,214
0,217
0,218
0,220
0,227
0,229
0,230
0,233
0,234
0,236
0,241
0,242
0,244
0,248
0,271
0,279
0,283
0,285
0,286
0,295
0,299
0,301
0,302
0,307
0,309
0,310
0,313
0,314
0,316
0,327
0,331
0,333
0,334
0,339
0,341
0,342
0,345
0,346
0,348
0,355
0,357
0,358
0,361
0,362
0,364
0,369
0,370
0,372
0,376
0,391
0,395
0,397
0,398
0,403
0,405
0,406
0,409
0,410
0,412
0,419
0,421
0,422
0,425
0,426
0,428
0,433
0,434
0,436
0,440
0,451
0,453
0,454
0,457
0,458
0,460
0,465
0,466
0,468
0,472
0,481
0,482
0,484
0,488
0,496
1,30
1,46
1,54
1,58
1,60
1,78
1,86
1,90
1,92
1,102
1,106
1,108
1,114
1,116
1,120
1,142
1,150
1,154
1,156
1,166
1,170
1,172
1,178
1,180
1,184
1,198
1,202
1,204
1,210
1,212
1,216
1,226
1,228
1,232
1,240
1,270
1,278
1,282
1,284
1,294
1,298
1,300
1,306
1,308
1,312
1,326
1,330
1,332
1,338
1,340
1,344
1,354
1,356
1,360
1,368
1,390
1,394
1,396
1,402
1,404
1,408
1,418
1,420
1,424
1,432
1,450
1,452
1,456
1,464
1,480
2,29
2,45
2,53
2,57
2,60
2,77
2,85
2,89
2,92
2,101
2,105
2,108
2,113
2,116
2,120
2,141
2,149
2,153
2,156
2,165
2,169
2,172
2,177
2,180
2,184
2,197
2,201
2,204
2,209
2,212
2,216
2,225
2,228
2,232
2,240
2,269
2,277
2,281
2,284
2,293
2,297
2,300
2,305
2,308
2,312
2,325
2,329
2,332
2,337
2,340
2,344
2,353
2,356
2,360
2,368
2,389
2,393
2,396
2,401
2,404
2,408
2,417
2,420
2,424
2,432
2,449
2,452
2,456
2,464
2,480
3,28
3,44
3,52
3,56
3,76
3,84
3,88
3,100
3,104
3,112
3,140
3,148
3,152
3,164
3,168
3,176
3,196
3,200
3,208
3,224
3,268
3,276
3,280
3,292
3,296
3,304
3,324
3,328
3,336
3,352
3,388
3,392
3,400
3,416
3,448
4,27
4,43
4,51
4,57
4,58
4,75
4,83
4,89
4,90
4,99
4,105
4,106
4,113
4,114
4,120
4,139
4,147
4,153
4,154
4,163
4,169
4,170
4,177
4,178
4,184
4,195
4,201
4,202
4,209
4,210
4,216
4,225
4,226
4,232
4,240
4,267
4,275
4,281
4,282
4,291
4,297
4,298
4,305
4,306
4,312
4,323
4,329
4,330
4,337
4,338
4,344
4,353
4,354
4,360
4,368
4,387
4,393
4,394
4,401
4,402
4,408
4,417
4,418
4,424
4,432
4,449
4,450
4,456
4,464
4,480
5,26
5,42
5,50
5,56
5,74
5,82
5,88
5,98
5,104
5,112
5,138
5,146
5,152
5,162
5,168
5,176
5,194
5,200
5,208
5,224
5,266
5,274
5,280
5,290
5,296
5,304
5,322
5,328
5,336
5,352
5,386
5,392
5,400
5,416
5,448
6,25
6,41
6,49
6,56
6,73
6,81
6,88
6,97
6,104
6,112
6,137
6,145
6,152
6,161
6,168
6,176
6,193
6,200
6,208
6,224
6,265
6,273
6,280
6,289
6,296
6,304
6,321
6,328
6,336
6,352
6,385
6,392
6,400
6,416
6,448
7,24
7,40
7,48
7,72
7,80
7,96
7,136
7,144
7,160
7,192
7,264
7,272
7,288
7,320
7,384
8,23
8,39
8,51
8,53
8,54
8,71
8,83
8,85
8,86
8,99
8,101
8,102
8,113
8,114
8,116
8,135
8,147
8,149
8,150
8,163
8,165
8,166
8,177
8,178
8,180
8,195
8,197
8,198
8,209
8,210
8,212
8,225
8,226
8,228
8,240
8,263
8,275
8,277
8,278
8,291
8,293
8,294
8,305
8,306
8,308
8,323
8,325
8,326
8,337
8,338
8,340
8,353
8,354
8,356
8,368
8,387
8,389
8,390
8,401
8,402
8,404
8,417
8,418
8,420
8,432
8,449
8,450
8,452
8,464
8,480
9,22
9,38
9,50
9,52
9,70
9,82
9,84
9,98
9,100
9,112
9,134
9,146
9,148
9,162
9,164
9,176
9,194
9,196
9,208
9,224
9,262
9,274
9,276
9,290
9,292
9,304
9,322
9,324
9,336
9,352
9,386
9,388
9,400
9,416
9,448
10,21
10,37
10,49
10,52
10,69
10,81
10,84
10,97
10,100
10,112
10,133
10,145
10,148
10,161
10,164
10,176
10,193
10,196
10,208
10,224
10,261
10,273
10,276
10,289
10,292
10,304
10,321
10,324
10,336
10,352
10,385
10,388
10,400
10,416
10,448
11,20
11,36
11,48
11,68
11,80
11,96
11,132
11,144
11,160
11,192
11,260
11,272
11,288
11,320
11,384
12,19
12,35
12,49
12,50
12,67
12,81
12,82
12,97
12,98
12,112
12,131
12,145
12,146
12,161
12,162
12,176
12,193
12,194
12,208
12,224
12,259
12,273
12,274
12,289
12,290
12,304
12,321
12,322
12,336
12,352
12,385
12,386
12,400
12,416
12,448
13,18
13,34
13,48
13,66
13,80
13,96
13,130
13,144
13,160
13,192
13,258
13,272
13,288
13,320
13,384
14,17
14,33
14,48
14,65
14,80
14,96
14,129
14,144
14,160
14,192
14,257
14,272
14,288
14,320
14,384
15,16
15,32
15,64
15,128
15,256
16,15
16,39
16,43
16,45
16,46
16,71
16,75
16,77
16,78
16,99
16,101
16,102
16,105
16,106
16,108
16,135
16,139
16,141
16,142
16,163
16,165
16,166
16,169
16,170
16,172
16,195
16,197
16,198
16,201
16,202
16,204
16,225
16,226
16,228
16,232
16,263
16,267
16,269
16,270
16,291
16,293
16,294
16,297
16,298
16,300
16,323
16,325
16,326
16,329
16,330
16,332
16,353
16,354
16,356
16,360
16,387
16,389
16,390
16,393
16,394
16,396
16,417
16,418
16,420
16,424
16,449
16,450
16,452
16,456
16,480
17,14
17,38
17,42
17,44
17,70
17,74
17,76
17,98
17,100
17,104
17,134
17,138
17,140
17,162
17,164
17,168
17,194
17,196
17,200
17,224
17,262
17,266
17,268
17,290
17,292
17,296
17,322
17,324
17,328
17,352
17,386
17,388
17,392
17,416
17,448
18,13
18,37
18,41
18,44
18,69
18,73
18,76
18,97
18,100
18,104
18,133
18,137
18,140
18,161
18,164
18,168
18,193
18,196
18,200
18,224
18,261
18,265
18,268
18,289
18,292
18,296
18,321
18,324
18,328
18,352
18,385
18,388
18,392
18,416
18,448
19,12
19,36
19,40
19,68
19,72
19,96
19,132
19,136
19,160
19,192
19,260
19,264
19,288
19,320
19,384
20,11
20,35
20,41
20,42
20,67
20,73
20,74
20,97
20,98
20,104
20,131
20,137
20,138
20,161
20,162
20,168
20,193
20,194
20,200
20,224
20,259
20,265
20,266
20,289
20,290
20,296
20,321
20,322
20,328
20,352
20,385
20,386
20,392
20,416
20,448
21,10
21,34
21,40
21,66
21,72
21,96
21,130
21,136
21,160
21,192
21,258
21,264
21,288
21,320
21,384
22,9
22,33
22,40
22,65
22,72
22,96
22,129
22,136
22,160
22,192
22,257
22,264
22,288
22,320
22,384
23,8
23,32
23,64
23,128
23,256
24,7
24,35
24,37
24,38
24,67
24,69
24,70
24,97
24,98
24,100
24,131
24,133
24,134
24,161
24,162
24,164
24,193
24,194
24,196
24,224
24,259
24,261
24,262
24,289
24,290
24,292
24,321
24,322
24,324
24,352
24,385
24,386
24,388
24,416
24,448
25,6
25,34
25,36
25,66
25,68
25,96
25,130
25,132
25,160
25,192
25,258
25,260
25,288
25,320
25,384
26,5
26,33
26,36
26,65
26,68
26,96
26,129
26,132
26,160
26,192
26,257
26,260
26,288
26,320
26,384
27,4
27,32
27,64
27,128
27,256
28,3
28,33
28,34
28,65
28,66
28,96
28,129
28,130
28,160
28,192
28,257
28,258
28,288
28,320
28,384
29,2
29,32
29,64
29,128
29,256
30,1
30,32
30,64
30,128
30,256
31,0
32,15
32,23
32,27
32,29
32,30
32,71
32,75
32,77
32,78
32,83
32,85
32,86
32,89
32,90
32,92
32,135
32,139
32,141
32,142
32,147
32,149
32,150
32,153
32,154
32,156
32,195
32,197
32,198
32,201
32,202
32,204
32,209
32,210
32,212
32,216
32,263
32,267
32,269
32,270
32,275
32,277
32,278
32,281
32,282
32,284
32,323
32,325
32,326
32,329
32,330
32,332
32,337
32,338
32,340
32,344
32,387
32,389
32,390
32,393
32,394
32,396
32,401
32,402
32,404
32,408
32,449
32,450
32,452
32,456
32,464
33,14
33,22
33,26
33,28
33,70
33,74
33,76
33,82
33,84
33,88
33,134
33,138
33,140
33,146
33,148
33,152
33,194
33,196
33,200
33,208
33,262
33,266
33,268
33,274
33,276
33,280
33,322
33,324
33,328
33,336
33,386
33,388
33,392
33,400
33,448
34,13
34,21
34,25
34,28
34,69
34,73
34,76
34,81
34,84
34,88
34,133
34,137
34,140
34,145
34,148
34,152
34,193
34,196
34,200
34,208
34,261
34,265
34,268
34,273
34,276
34,280
34,321
34,324
34,328
34,336
34,385
34,388
34,392
34,400
34,448
35,12
35,20
35,24
35,68
35,72
35,80
35,132
35,136
35,144
35,192
35,260
35,264
35,272
35,320
35,384
36,11
36,19
36,25
36,26
36,67
36,73
36,74
36,81
36,82
36,88
36,131
36,137
36,138
36,145
36,146
36,152
36,193
36,194
36,200
36,208
36,259
36,265
36,266
36,273
36,274
36,280
36,321
36,322
36,328
36,336
36,385
36,386
36,392
36,400
36,448
37,10
37,18
37,24
37,66
37,72
37,80
37,130
37,136
37,144
37,192
37,258
37,264
37,272
37,320
37,384
38,9
38,17
38,24
38,65
38,72
38,80
38,129
38,136
38,144
38,192
38,257
38,264
38,272
38,320
38,384
39,8
39,16
39,64
39,128
39,256
40,7
40,19
40,21
40,22
40,67
40,69
40,70
40,81
40,82
40,84
40,131
40,133
40,134
40,145
40,146
40,148
40,193
40,194
40,196
40,208
40,259
40,261
40,262
40,273
40,274
40,276
40,321
40,322
40,324
40,336
40,385
40,386
40,388
40,400
40,448
41,6
41,18
41,20
41,66
41,68
41,80
41,130
41,132
41,144
41,192
41,258
41,260
41,272
41,320
41,384
42,5
42,17
42,20
42,65
42,68
42,80
42,129
42,132
42,144
42,192
42,257
42,260
42,272
42,320
42,384
43,4
43,16
43,64
43,128
43,256
44,3
44,17
44,18
44,65
44,66
44,80
44,129
44,130
44,144
44,192
44,257
44,258
44,272
44,320
44,384
45,2
45,16
45,64
45,128
45,256
46,1
46,16
46,64
46,128
46,256
47,0
48,7
48,11
48,13
48,14
48,67
48,69
48,70
48,73
48,74
48,76
48,131
48,133
48,134
48,137
48,138
48,140
48,193
48,194
48,196
48,200
48,259
48,261
48,262
48,265
48,266
48,268
48,321
48,322
48,324
48,328
48,385
48,386
48,388
48,392
48,448
49,6
49,10
49,12
49,66
49,68
49,72
49,130
49,132
49,136
49,192
49,258
49,260
49,264
49,320
49,384
50,5
50,9
50,12
50,65
50,68
50,72
50,129
50,132
50,136
50,192
50,257
50,260
50,264
50,320
50,384
51,4
51,8
51,64
51,128
51,256
52,3
52,9
52,10
52,65
52,66
52,72
52,129
52,130
52,136
52,192
52,257
52,258
52,264
52,320
52,384
53,2
53,8
53,64
53,128
53,256
54,1
54,8
54,64
54,128
54,256
55,0
56,3
56,5
56,6
56,65
56,66
56,68
56,129
56,130
56,132
56,192
56,257
56,258
56,260
56,320
56,384
57,2
57,4
57,64
57,128
57,256
58,1
58,4
58,64
58,128
58,256
59,0
60,1
60,2
60,64
60,128
60,256
61,0
62,0
64,15
64,23
64,27
64,29
64,30
64,39
64,43
64,45
64,46
64,51
64,53
64,54
64,57
64,58
64,60
64,135
64,139
64,141
64,142
64,147
64,149
64,150
64,153
64,154
64,156
64,163
64,165
64,166
64,169
64,170
64,172
64,177
64,178
64,180
64,184
64,263
64,267
64,269
64,270
64,275
64,277
64,278
64,281
64,282
64,284
64,291
64,293
64,294
64,297
64,298
64,300
64,305
64,306
64,308
64,312
64,387
64,389
64,390
64,393
64,394
64,396
64,401
64,402
64,404
64,408
64,417
64,418
64,420
64,424
64,432
65,14
65,22
65,26
65,28
65,38
65,42
65,44
65,50
65,52
65,56
65,134
65,138
65,140
65,146
65,148
65,152
65,162
65,164
65,168
65,176
65,262
65,266
65,268
65,274
65,276
65,280
65,290
65,292
65,296
65,304
65,386
65,388
65,392
65,400
65,416
66,13
66,21
66,25
66,28
66,37
66,41
66,44
66,49
66,52
66,56
66,133
66,137
66,140
66,145
66,148
66,152
66,161
66,164
66,168
66,176
66,261
66,265
66,268
66,273
66,276
66,280
66,289
66,292
66,296
66,304
66,385
66,388
66,392
66,400
66,416
67,12
67,20
67,24
67,36
67,40
67,48
67,132
67,136
67,144
67,160
67,260
67,264
67,272
67,288
67,384
68,11
68,19
68,25
68,26
68,35
68,41
68,42
68,49
68,50
68,56
68,131
68,137
68,138
68,145
68,146
68,152
68,161
68,162
68,168
68,176
68,259
68,265
68,266
68,273
68,274
68,280
68,289
68,290
68,296
68,304
68,385
68,386
68,392
68,400
68,416
69,10
69,18
69,24
69,34
69,40
69,48
69,130
69,136
69,144
69,160
69,258
69,264
69,272
69,288
69,384
70,9
70,17
70,24
70,33
70,40
70,48
70,129
70,136
70,144
70,160
70,257
70,264
70,272
70,288
70,384
71,8
71,16
71,32
71,128
71,256
72,7
72,19
72,21
72,22
72,35
72,37
72,38
72,49
72,50
72,52
72,131
72,133
72,134
72,145
72,146
72,148
72,161
72,162
72,164
72,176
72,259
72,261
72,262
72,273
72,274
72,276
72,289
72,290
72,292
72,304
72,385
72,386
72,388
72,400
72,416
73,6
73,18
73,20
73,34
73,36
73,48
73,130
73,132
73,144
73,160
73,258
73,260
73,272
73,288
73,384
74,5
74,17
74,20
74,33
74,36
74,48
74,129
74,132
74,144
74,160
74,257
74,260
74,272
74,288
74,384
75,4
75,16
75,32
75,128
75,256
76,3
76,17
76,18
76,33
76,34
76,48
76,129
76,130
76,144
76,160
76,257
76,258
76,272
76,288
76,384
77,2
77,16
77,32
77,128
77,256
78,1
78,16
78,32
78,128
78,256
79,0
80,7
80,11
80,13
80,14
80,35
80,37
80,38
80,41
80,42
80,44
80,131
80,133
80,134
80,137
80,138
80,140
80,161
80,162
80,164
80,168
80,259
80,261
80,262
80,265
80,266
80,268
80,289
80,290
80,292
80,296
80,385
80,386
80,388
80,392
80,416
81,6
81,10
81,12
81,34
81,36
81,40
81,130
81,132
81,136
81,160
81,258
81,260
81,264
81,288
81,384
82,5
82,9
82,12
82,33
82,36
82,40
82,129
82,132
82,136
82,160
82,257
82,260
82,264
82,288
82,384
83,4
83,8
83,32
83,128
83,256
84,3
84,9
84,10
84,33
84,34
84,40
84,129
84,130
84,136
84,160
84,257
84,258
84,264
84,288
84,384
85,2
85,8
85,32
85,128
85,256
86,1
86,8
86,32
86,128
86,256
87,0
88,3
88,5
88,6
88,33
88,34
88,36
88,129
88,130
88,132
88,160
88,257
88,258
88,260
88,288
88,384
89,2
89,4
89,32
89,128
89,256
90,1
90,4
90,32
90,128
90,256
91,0
92,1
92,2
92,32
92,128
92,256
93,0
94,0
96,7
96,11
96,13
96,14
96,19
96,21
96,22
96,25
96,26
96,28
96,131
96,133
96,134
96,137
96,138
96,140
96,145
96,146
96,148
96,152
96,259
96,261
96,262
96,265
96,266
96,268
96,273
96,274
96,276
96,280
96,385
96,386
96,388
96,392
96,400
97,6
97,10
97,12
97,18
97,20
97,24
97,130
97,132
97,136
97,144
97,258
97,260
97,264
97,272
97,384
98,5
98,9
98,12
98,17
98,20
98,24
98,129
98,132
98,136
98,144
98,257
98,260
98,264
98,272
98,384
99,4
99,8
99,16
99,128
99,256
100,3
100,9
100,10
100,17
100,18
100,24
100,129
100,130
100,136
100,144
100,257
100,258
100,264
100,272
100,384
101,2
101,8
101,16
101,128
101,256
102,1
102,8
102,16
102,128
102,256
103,0
104,3
104,5
104,6
104,17
104,18
104,20
104,129
104,130
104,132
104,144
104,257
104,258
104,260
104,272
104,384
105,2
105,4
105,16
105,128
105,256
106,1
106,4
106,16
106,128
106,256
107,0
108,1
108,2
108,16
108,128
108,256
109,0
110,0
112,3
112,5
112,6
112,9
112,10
112,12
112,129
112,130
112,132
112,136
112,257
112,258
112,260
112,264
112,384
113,2
113,4
113,8
113,128
113,256
114,1
114,4
114,8
114,128
114,256
115,0
116,1
116,2
116,8
116,128
116,256
117,0
118,0
120,1
120,2
120,4
120,128
120,256
121,0
122,0
124,0
128,15
128,23
128,27
128,29
128,30
128,39
128,43
128,45
128,46
128,51
128,53
128,54
128,57
128,58
128,60
128,71
128,75
128,77
128,78
128,83
128,85
128,86
128,89
128,90
128,92
128,99
128,101
128,102
128,105
128,106
128,108
128,113
128,114
128,116
128,120
128,263
128,267
128,269
128,270
128,275
128,277
128,278
128,281
128,282
128,284
128,291
128,293
128,294
128,297
128,298
128,300
128,305
128,306
128,308
128,312
128,323
128,325
128,326
128,329
128,330
128,332
128,337
128,338
128,340
128,344
128,353
128,354
128,356
128,360
128,368
129,14
129,22
129,26
129,28
129,38
129,42
129,44
129,50
129,52
129,56
129,70
129,74
129,76
129,82
129,84
129,88
129,98
129,100
129,104
129,112
129,262
129,266
129,268
129,274
129,276
129,280
129,290
129,292
129,296
129,304
129,322
129,324
129,328
129,336
129,352
130,13
130,21
130,25
130,28
130,37
130,41
130,44
130,49
130,52
130,56
130,69
130,73
130,76
130,81
130,84
130,88
130,97
130,100
130,104
130,112
130,261
130,265
130,268
130,273
130,276
130,280
130,289
130,292
130,296
130,304
130,321
130,324
130,328
130,336
130,352
131,12
131,20
131,24
131,36
131,40
131,48
131,68
131,72
131,80
131,96
131,260
131,264
131,272
131,288
131,320
132,11
132,19
132,25
132,26
132,35
132,41
132,42
132,49
132,50
132,56
132,67
132,73
132,74
132,81
132,82
132,88
132,97
132,98
132,104
132,112
132,259
132,265
132,266
132,273
132,274
132,280
132,289
132,290
132,296
132,304
132,321
132,322
132,328
132,336
132,352
133,10
133,18
133,24
133,34
133,40
133,48
133,66
133,72
133,80
133,96
133,258
133,264
133,272
133,288
133,320
134,9
134,17
134,24
134,33
134,40
134,48
134,65
134,72
134,80
134,96
134,257
134,264
134,272
134,288
134,320
135,8
135,16
135,32
135,64
135,256
136,7
136,19
136,21
136,22
136,35
136,37
136,38
136,49
136,50
136,52
136,67
136,69
136,70
136,81
136,82
136,84
136,97
136,98
136,100
136,112
136,259
136,261
136,262
136,273
136,274
136,276
136,289
136,290
136,292
136,304
136,321
136,322
136,324
136,336
136,352
137,6
137,18
137,20
137,34
137,36
137,48
137,66
137,68
137,80
137,96
137,258
137,260
137,272
137,288
137,320
138,5
138,17
138,20
138,33
138,36
138,48
138,65
138,68
138,80
138,96
138,257
138,260
138,272
138,288
138,320
139,4
139,16
139,32
139,64
139,256
140,3
140,17
140,18
140,33
140,34
140,48
140,65
140,66
140,80
140,96
140,257
140,258
140,272
140,288
140,320
141,2
141,16
141,32
141,64
141,256
142,1
142,16
142,32
142,64
142,256
143,0
144,7
144,11
144,13
144,14
144,35
144,37
144,38
144,41
144,42
144,44
144,67
144,69
144,70
144,73
144,74
144,76
144,97
144,98
144,100
144,104
144,259
144,261
144,262
144,265
144,266
144,268
144,289
144,290
144,292
144,296
144,321
144,322
144,324
144,328
144,352
145,6
145,10
145,12
145,34
145,36
145,40
145,66
145,68
145,72
145,96
145,258
145,260
145,264
145,288
145,320
146,5
146,9
146,12
146,33
146,36
146,40
146,65
146,68
146,72
146,96
146,257
146,260
146,264
146,288
146,320
147,4
147,8
147,32
147,64
147,256
148,3
148,9
148,10
148,33
148,34
148,40
148,65
148,66
148,72
148,96
148,257
148,258
148,264
148,288
148,320
149,2
149,8
149,32
149,64
149,256
150,1
150,8
150,32
150,64
150,256
151,0
152,3
152,5
152,6
152,33
152,34
152,36
152,65
152,66
152,68
152,96
152,257
152,258
152,260
152,288
152,320
153,2
153,4
153,32
153,64
153,256
154,1
154,4
154,32
154,64
154,256
155,0
156,1
156,2
156,32
156,64
156,256
157,0
158,0
160,7
160,11
160,13
160,14
160,19
160,21
160,22
160,25
160,26
160,28
160,67
160,69
160,70
160,73
160,74
160,76
160,81
160,82
160,84
160,88
160,259
160,261
160,262
160,265
160,266
160,268
160,273
160,274
160,276
160,280
160,321
160,322
160,324
160,328
160,336
161,6
161,10
161,12
161,18
161,20
161,24
161,66
161,68
161,72
161,80
161,258
161,260
161,264
161,272
161,320
162,5
162,9
162,12
162,17
162,20
162,24
162,65
162,68
162,72
162,80
162,257
162,260
162,264
162,272
162,320
163,4
163,8
163,16
163,64
163,256
164,3
164,9
164,10
164,17
164,18
164,24
164,65
164,66
164,72
164,80
164,257
164,258
164,264
164,272
164,320
165,2
165,8
165,16
165,64
165,256
166,1
166,8
166,16
166,64
166,256
167,0
168,3
168,5
168,6
168,17
168,18
168,20
168,65
168,66
168,68
168,80
168,257
168,258
168,260
168,272
168,320
169,2
169,4
169,16
169,64
169,256
170,1
170,4
170,16
170,64
170,256
171,0
172,1
172,2
172,16
172,64
172,256
173,0
174,0
176,3
176,5
176,6
176,9
176,10
176,12
176,65
176,66
176,68
176,72
176,257
176,258
176,260
176,264
176,320
177,2
177,4
177,8
177,64
177,256
178,1
178,4
178,8
178,64
178,256
179,0
180,1
180,2
180,8
180,64
180,256
181,0
182,0
184,1
184,2
184,4
184,64
184,256
185,0
186,0
188,0
192,7
192,11
192,13
192,14
192,19
192,21
192,22
192,25
192,26
192,28
192,35
192,37
192,38
192,41
192,42
192,44
192,49
192,50
192,52
192,56
192,259
192,261
192,262
192,265
192,266
192,268
192,273
192,274
192,276
192,280
192,289
192,290
192,292
192,296
192,304
193,6
193,10
193,12
193,18
193,20
193,24
193,34
193,36
193,40
193,48
193,258
193,260
193,264
193,272
193,288
194,5
194,9
194,12
194,17
194,20
194,24
194,33
194,36
194,40
194,48
194,257
194,260
194,264
194,272
194,288
195,4
195,8
195,16
195,32
195,256
196,3
196,9
196,10
196,17
196,18
196,24
196,33
196,34
196,40
196,48
196,257
196,258
196,264
196,272
196,288
197,2
197,8
197,16
197,32
197,256
198,1
198,8
198,16
198,32
198,256
199,0
200,3
200,5
200,6
200,17
200,18
200,20
200,33
200,34
200,36
200,48
200,257
200,258
200,260
200,272
200,288
201,2
201,4
201,16
201,32
201,256
202,1
202,4
202,16
202,32
202,256
203,0
204,1
204,2
204,16
204,32
204,256
205,0
206,0
208,3
208,5
208,6
208,9
208,10
208,12
208,33
208,34
208,36
208,40
208,257
208,258
208,260
208,264
208,288
209,2
209,4
209,8
209,32
209,256
210,1
210,4
210,8
210,32
210,256
211,0
212,1
212,2
212,8
212,32
212,256
213,0
214,0
216,1
216,2
216,4
216,32
216,256
217,0
218,0
220,0
224,3
224,5
224,6
224,9
224,10
224,12
224,17
224,18
224,20
224,24
224,257
224,258
224,260
224,264
224,272
225,2
225,4
225,8
225,16
225,256
226,1
226,4
226,8
226,16
226,256
227,0
228,1
228,2
228,8
228,16
228,256
229,0
230,0
232,1
232,2
232,4
232,16
232,256
233,0
234,0
236,0
240,1
240,2
240,4
240,8
240,256
241,0
242,0
244,0
248,0
256,15
256,23
256,27
256,29
256,30
256,39
256,43
256,45
256,46
256,51
256,53
256,54
256,57
256,58
256,60
256,71
256,75
256,77
256,78
256,83
256,85
256,86
256,89
256,90
256,92
256,99
256,101
256,102
256,105
256,106
256,108
256,113
256,114
256,116
256,120
256,135
256,139
256,141
256,142
256,147
256,149
256,150
256,153
256,154
256,156
256,163
256,165
256,166
256,169
256,170
256,172
256,177
256,178
256,180
256,184
256,195
256,197
256,198
256,201
256,202
256,204
256,209
256,210
256,212
256,216
256,225
256,226
256,228
256,232
256,240
257,14
257,22
257,26
257,28
257,38
257,42
257,44
257,50
257,52
257,56
257,70
257,74
257,76
257,82
257,84
257,88
257,98
257,100
257,104
257,112
257,134
257,138
257,140
257,146
257,148
257,152
257,162
257,164
257,168
257,176
257,194
257,196
257,200
257,208
257,224
258,13
258,21
258,25
258,28
258,37
258,41
258,44
258,49
258,52
258,56
258,69
258,73
258,76
258,81
258,84
258,88
258,97
258,100
258,104
258,112
258,133
258,137
258,140
258,145
258,148
258,152
258,161
258,164
258,168
258,176
258,193
258,196
258,200
258,208
258,224
259,12
259,20
259,24
259,36
259,40
259,48
259,68
259,72
259,80
259,96
259,132
259,136
259,144
259,160
259,192
260,11
260,19
260,25
260,26
260,35
260,41
260,42
260,49
260,50
260,56
260,67
260,73
260,74
260,81
260,82
260,88
260,97
260,98
260,104
260,112
260,131
260,137
260,138
260,145
260,146
260,152
260,161
260,162
260,168
260,176
260,193
260,194
260,200
260,208
260,224
261,10
261,18
261,24
261,34
261,40
261,48
261,66
261,72
261,80
261,96
261,130
261,136
261,144
261,160
261,192
262,9
262,17
262,24
262,33
262,40
262,48
262,65
262,72
262,80
262,96
262,129
262,136
262,144
262,160
262,192
263,8
263,16
263,32
263,64
263,128
264,7
264,19
264,21
264,22
264,35
264,37
264,38
264,49
264,50
264,52
264,67
264,69
264,70
264,81
264,82
264,84
264,97
264,98
264,100
264,112
264,131
264,133
264,134
264,145
264,146
264,148
264,161
264,162
264,164
264,176
264,193
264,194
264,196
264,208
264,224
265,6
265,18
265,20
265,34
265,36
265,48
265,66
265,68
265,80
265,96
265,130
265,132
265,144
265,160
265,192
266,5
266,17
266,20
266,33
266,36
266,48
266,65
266,68
266,80
266,96
266,129
266,132
266,144
266,160
266,192
267,4
267,16
267,32
267,64
267,128
268,3
268,17
268,18
268,33
268,34
268,48
268,65
268,66
268,80
268,96
268,129
268,130
268,144
268,160
268,192
269,2
269,16
269,32
269,64
269,128
270,1
270,16
270,32
270,64
270,128
271,0
272,7
272,11
272,13
272,14
272,35
272,37
272,38
272,41
272,42
272,44
272,67
272,69
272,70
272,73
272,74
272,76
272,97
272,98
272,100
272,104
272,131
272,133
272,134
272,137
272,138
272,140
272,161
272,162
272,164
272,168
272,193
272,194
272,196
272,200
272,224
273,6
273,10
273,12
273,34
273,36
273,40
273,66
273,68
273,72
273,96
273,130
273,132
273,136
273,160
273,192
274,5
274,9
274,12
274,33
274,36
274,40
274,65
274,68
274,72
274,96
274,129
274,132
274,136
274,160
274,192
275,4
275,8
275,32
275,64
275,128
276,3
276,9
276,10
276,33
276,34
276,40
276,65
276,66
276,72
276,96
276,129
276,130
276,136
276,160
276,192
277,2
277,8
277,32
277,64
277,128
278,1
278,8
278,32
278,64
278,128
279,0
280,3
280,5
280,6
280,33
280,34
280,36
280,65
280,66
280,68
280,96
280,129
280,130
280,132
280,160
280,192
281,2
281,4
281,32
281,64
281,128
282,1
282,4
282,32
282,64
282,128
283,0
284,1
284,2
284,32
284,64
284,128
285,0
286,0
288,7
288,11
288,13
288,14
288,19
288,21
288,22
288,25
288,26
288,28
288,67
288,69
288,70
288,73
288,74
288,76
288,81
288,82
288,84
288,88
288,131
288,133
288,134
288,137
288,138
288,140
288,145
288,146
288,148
288,152
288,193
288,194
288,196
288,200
288,208
289,6
289,10
289,12
289,18
289,20
289,24
289,66
289,68
289,72
289,80
289,130
289,132
289,136
289,144
289,192
290,5
290,9
290,12
290,17
290,20
290,24
290,65
290,68
290,72
290,80
290,129
290,132
290,136
290,144
290,192
291,4
291,8
291,16
291,64
291,128
292,3
292,9
292,10
292,17
292,18
292,24
292,65
292,66
292,72
292,80
292,129
292,130
292,136
292,144
292,192
293,2
293,8
293,16
293,64
293,128
294,1
294,8
294,16
294,64
294,128
295,0
296,3
296,5
296,6
296,17
296,18
296,20
296,65
296,66
296,68
296,80
296,129
296,130
296,132
296,144
296,192
297,2
297,4
297,16
297,64
297,128
298,1
298,4
298,16
298,64
298,128
299,0
300,1
300,2
300,16
300,64
300,128
301,0
302,0
304,3
304,5
304,6
304,9
304,10
304,12
304,65
304,66
304,68
304,72
304,129
304,130
304,132
304,136
304,192
305,2
305,4
305,8
305,64
305,128
306,1
306,4
306,8
306,64
306,128
307,0
308,1
308,2
308,8
308,64
308,128
309,0
310,0
312,1
312,2
312,4
312,64
312,128
313,0
314,0
316,0
320,7
320,11
320,13
320,14
320,19
320,21
320,22
320,25
320,26
320,28
320,35
320,37
320,38
320,41
320,42
320,44
320,49
320,50
320,52
320,56
320,131
320,133
320,134
320,137
320,138
320,140
320,145
320,146
320,148
320,152
320,161
320,162
320,164
320,168
320,176
321,6
321,10
321,12
321,18
321,20
321,24
321,34
321,36
321,40
321,48
321,130
321,132
321,136
321,144
321,160
322,5
322,9
322,12
322,17
322,20
322,24
322,33
322,36
322,40
322,48
322,129
322,132
322,136
322,144
322,160
323,4
323,8
323,16
323,32
323,128
324,3
324,9
324,10
324,17
324,18
324,24
324,33
324,34
324,40
324,48
324,129
324,130
324,136
324,144
324,160
325,2
325,8
325,16
325,32
325,128
326,1
326,8
326,16
326,32
326,128
327,0
328,3
328,5
328,6
328,17
328,18
328,20
328,33
328,34
328,36
328,48
328,129
328,130
328,132
328,144
328,160
329,2
329,4
329,16
329,32
329,128
330,1
330,4
330,16
330,32
330,128
331,0
332,1
332,2
332,16
332,32
332,128
333,0
334,0
336,3
336,5
336,6
336,9
336,10
336,12
336,33
336,34
336,36
336,40
336,129
336,130
336,132
336,136
336,160
337,2
337,4
337,8
337,32
337,128
338,1
338,4
338,8
338,32
338,128
339,0
340,1
340,2
340,8
340,32
340,128
341,0
342,0
344,1
344,2
344,4
344,32
344,128
345,0
346,0
348,0
352,3
352,5
352,6
352,9
352,10
352,12
352,17
352,18
352,20
352,24
352,129
352,130
352,132
352,136
352,144
353,2
353,4
353,8
353,16
353,128
354,1
354,4
354,8
354,16
354,128
355,0
356,1
356,2
356,8
356,16
356,128
357,0
358,0
360,1
360,2
360,4
360,16
360,128
361,0
362,0
364,0
368,1
368,2
368,4
368,8
368,128
369,0
370,0
372,0
376,0
384,7
384,11
384,13
384,14
384,19
384,21
384,22
384,25
384,26
384,28
384,35
384,37
384,38
384,41
384,42
384,44
384,49
384,50
384,52
384,56
384,67
384,69
384,70
384,73
384,74
384,76
384,81
384,82
384,84
384,88
384,97
384,98
384,100
384,104
384,112
385,6
385,10
385,12
385,18
385,20
385,24
385,34
385,36
385,40
385,48
385,66
385,68
385,72
385,80
385,96
386,5
386,9
386,12
386,17
386,20
386,24
386,33
386,36
386,40
386,48
386,65
386,68
386,72
386,80
386,96
387,4
387,8
387,16
387,32
387,64
388,3
388,9
388,10
388,17
388,18
388,24
388,33
388,34
388,40
388,48
388,65
388,66
388,72
388,80
388,96
389,2
389,8
389,16
389,32
389,64
390,1
390,8
390,16
390,32
390,64
391,0
392,3
392,5
392,6
392,17
392,18
392,20
392,33
392,34
392,36
392,48
392,65
392,66
392,68
392,80
392,96
393,2
393,4
393,16
393,32
393,64
394,1
394,4
394,16
394,32
394,64
395,0
396,1
396,2
396,16
396,32
396,64
397,0
398,0
400,3
400,5
400,6
400,9
400,10
400,12
400,33
400,34
400,36
400,40
400,65
400,66
400,68
400,72
400,96
401,2
401,4
401,8
401,32
401,64
402,1
402,4
402,8
402,32
402,64
403,0
404,1
404,2
404,8
404,32
404,64
405,0
406,0
408,1
408,2
408,4
408,32
408,64
409,0
410,0
412,0
416,3
416,5
416,6
416,9
416,10
416,12
416,17
416,18
416,20
416,24
416,65
416,66
416,68
416,72
416,80
417,2
417,4
417,8
417,16
417,64
418,1
418,4
418,8
418,16
418,64
419,0
420,1
420,2
420,8
420,16
420,64
421,0
422,0
424,1
424,2
424,4
424,16
424,64
425,0
426,0
428,0
432,1
432,2
432,4
432,8
432,64
433,0
434,0
436,0
440,0
448,3
448,5
448,6
448,9
448,10
448,12
448,17
448,18
448,20
448,24
448,33
448,34
448,36
448,40
448,48
449,2
449,4
449,8
449,16
449,32
450,1
450,4
450,8
450,16
450,32
451,0
452,1
452,2
452,8
452,16
452,32
453,0
454,0
456,1
456,2
456,4
456,16
456,32
457,0
458,0
460,0
464,1
464,2
464,4
464,8
464,32
465,0
466,0
468,0
472,0
480,1
480,2
480,4
480,8
480,16
481,0
482,0
484,0
488,0
496,0
